2.000000000000000000e+01 2.280040000000000000e+06
2.600000000000000000e+01 2.280430000000000000e+06
3.200000000000000000e+01 2.280730000000000000e+06
3.800000000000000000e+01 2.280200000000000000e+06
4.400000000000000000e+01 2.279600000000000000e+06
5.000000000000000000e+01 2.279990000000000000e+06
5.600000000000000000e+01 2.279320000000000000e+06
6.200000000000000000e+01 2.282820000000000000e+06
6.800000000000000000e+01 2.279690000000000000e+06
7.400000000000000000e+01 2.278920000000000000e+06
8.000000000000000000e+01 2.279350000000000000e+06
8.600000000000000000e+01 2.276910000000000000e+06
9.200000000000000000e+01 2.278540000000000000e+06
9.800000000000000000e+01 2.278740000000000000e+06
1.040000000000000000e+02 2.276490000000000000e+06
1.100000000000000000e+02 2.277370000000000000e+06
1.160000000000000000e+02 2.277510000000000000e+06
1.220000000000000000e+02 2.277550000000000000e+06
1.280000000000000000e+02 2.278980000000000000e+06
1.340000000000000000e+02 2.276410000000000000e+06
1.400000000000000000e+02 2.277950000000000000e+06
1.460000000000000000e+02 2.279490000000000000e+06
1.520000000000000000e+02 2.277190000000000000e+06
1.580000000000000000e+02 2.276930000000000000e+06
1.640000000000000000e+02 2.276080000000000000e+06
1.700000000000000000e+02 2.277550000000000000e+06
1.760000000000000000e+02 2.277050000000000000e+06
1.820000000000000000e+02 2.275590000000000000e+06
1.880000000000000000e+02 2.275450000000000000e+06
1.940000000000000000e+02 2.278530000000000000e+06
2.000000000000000000e+02 2.276730000000000000e+06
2.060000000000000000e+02 2.277620000000000000e+06
2.120000000000000000e+02 2.276480000000000000e+06
2.180000000000000000e+02 2.276450000000000000e+06
2.240000000000000000e+02 2.275580000000000000e+06
2.300000000000000000e+02 2.279350000000000000e+06
2.360000000000000000e+02 2.275780000000000000e+06
2.420000000000000000e+02 2.276730000000000000e+06
2.480000000000000000e+02 2.275480000000000000e+06
2.540000000000000000e+02 2.276540000000000000e+06
2.600000000000000000e+02 2.276980000000000000e+06
2.660000000000000000e+02 2.275910000000000000e+06
2.720000000000000000e+02 2.277310000000000000e+06
2.780000000000000000e+02 2.276260000000000000e+06
2.840000000000000000e+02 2.276050000000000000e+06
2.900000000000000000e+02 2.275870000000000000e+06
2.960000000000000000e+02 2.276710000000000000e+06
3.020000000000000000e+02 2.275890000000000000e+06
3.080000000000000000e+02 2.275360000000000000e+06
3.140000000000000000e+02 2.275810000000000000e+06
3.200000000000000000e+02 2.276000000000000000e+06
3.260000000000000000e+02 2.275970000000000000e+06
3.320000000000000000e+02 2.276270000000000000e+06
3.380000000000000000e+02 2.275570000000000000e+06
3.440000000000000000e+02 2.275240000000000000e+06
3.500000000000000000e+02 2.277220000000000000e+06
3.560000000000000000e+02 2.274770000000000000e+06
3.620000000000000000e+02 2.277220000000000000e+06
3.680000000000000000e+02 2.274970000000000000e+06
3.740000000000000000e+02 2.275650000000000000e+06
3.800000000000000000e+02 2.275330000000000000e+06
3.860000000000000000e+02 2.275330000000000000e+06
3.920000000000000000e+02 2.274320000000000000e+06
3.980000000000000000e+02 2.275830000000000000e+06
4.040000000000000000e+02 2.276090000000000000e+06
4.100000000000000000e+02 2.275080000000000000e+06
4.160000000000000000e+02 2.275940000000000000e+06
4.220000000000000000e+02 2.276260000000000000e+06
4.280000000000000000e+02 2.276370000000000000e+06
4.340000000000000000e+02 2.274790000000000000e+06
4.400000000000000000e+02 2.275760000000000000e+06
4.460000000000000000e+02 2.276880000000000000e+06
4.520000000000000000e+02 2.275980000000000000e+06
4.580000000000000000e+02 2.274930000000000000e+06
4.640000000000000000e+02 2.273920000000000000e+06
4.700000000000000000e+02 2.275270000000000000e+06
4.760000000000000000e+02 2.275920000000000000e+06
4.820000000000000000e+02 2.275580000000000000e+06
4.880000000000000000e+02 2.276090000000000000e+06
4.940000000000000000e+02 2.275140000000000000e+06
5.000000000000000000e+02 2.275720000000000000e+06
5.060000000000000000e+02 2.276020000000000000e+06
5.120000000000000000e+02 2.277270000000000000e+06
5.180000000000000000e+02 2.274830000000000000e+06
5.240000000000000000e+02 2.275210000000000000e+06
5.300000000000000000e+02 2.276100000000000000e+06
5.360000000000000000e+02 2.274560000000000000e+06
5.420000000000000000e+02 2.273720000000000000e+06
5.480000000000000000e+02 2.275750000000000000e+06
5.540000000000000000e+02 2.275080000000000000e+06
5.600000000000000000e+02 2.275460000000000000e+06
5.660000000000000000e+02 2.276460000000000000e+06
5.720000000000000000e+02 2.276350000000000000e+06
5.780000000000000000e+02 2.278010000000000000e+06
5.840000000000000000e+02 2.275260000000000000e+06
5.900000000000000000e+02 2.275520000000000000e+06
5.960000000000000000e+02 2.276150000000000000e+06
6.020000000000000000e+02 2.273310000000000000e+06
6.080000000000000000e+02 2.275140000000000000e+06
6.140000000000000000e+02 2.275800000000000000e+06
6.200000000000000000e+02 2.275620000000000000e+06
6.260000000000000000e+02 2.274380000000000000e+06
6.320000000000000000e+02 2.273920000000000000e+06
6.380000000000000000e+02 2.273570000000000000e+06
6.440000000000000000e+02 2.274790000000000000e+06
6.500000000000000000e+02 2.275230000000000000e+06
6.560000000000000000e+02 2.273970000000000000e+06
6.620000000000000000e+02 2.273830000000000000e+06
6.680000000000000000e+02 2.274940000000000000e+06
6.740000000000000000e+02 2.275020000000000000e+06
6.800000000000000000e+02 2.275270000000000000e+06
6.860000000000000000e+02 2.274380000000000000e+06
6.920000000000000000e+02 2.275390000000000000e+06
6.980000000000000000e+02 2.275030000000000000e+06
7.040000000000000000e+02 2.275170000000000000e+06
7.100000000000000000e+02 2.275740000000000000e+06
7.160000000000000000e+02 2.279350000000000000e+06
7.220000000000000000e+02 2.274690000000000000e+06
7.280000000000000000e+02 2.273740000000000000e+06
7.340000000000000000e+02 2.272760000000000000e+06
7.400000000000000000e+02 2.274710000000000000e+06
7.460000000000000000e+02 2.276160000000000000e+06
7.520000000000000000e+02 2.273390000000000000e+06
7.580000000000000000e+02 2.275570000000000000e+06
7.640000000000000000e+02 2.275000000000000000e+06
7.700000000000000000e+02 2.274720000000000000e+06
7.760000000000000000e+02 2.276150000000000000e+06
7.820000000000000000e+02 2.276100000000000000e+06
7.880000000000000000e+02 2.273950000000000000e+06
7.940000000000000000e+02 2.275310000000000000e+06
8.000000000000000000e+02 2.274940000000000000e+06
8.060000000000000000e+02 2.274280000000000000e+06
8.120000000000000000e+02 2.275630000000000000e+06
8.180000000000000000e+02 2.275210000000000000e+06
8.240000000000000000e+02 2.275010000000000000e+06
8.300000000000000000e+02 2.273480000000000000e+06
8.360000000000000000e+02 2.275060000000000000e+06
8.420000000000000000e+02 2.275910000000000000e+06
8.480000000000000000e+02 2.275390000000000000e+06
8.540000000000000000e+02 2.274430000000000000e+06
8.600000000000000000e+02 2.275800000000000000e+06
8.660000000000000000e+02 2.275200000000000000e+06
8.720000000000000000e+02 2.274360000000000000e+06
8.780000000000000000e+02 2.274930000000000000e+06
8.840000000000000000e+02 2.274930000000000000e+06
8.900000000000000000e+02 2.275310000000000000e+06
8.960000000000000000e+02 2.275560000000000000e+06
9.020000000000000000e+02 2.274980000000000000e+06
9.080000000000000000e+02 2.275220000000000000e+06
9.140000000000000000e+02 2.273770000000000000e+06
9.200000000000000000e+02 2.274500000000000000e+06
9.260000000000000000e+02 2.274220000000000000e+06
9.320000000000000000e+02 2.272060000000000000e+06
9.380000000000000000e+02 2.274420000000000000e+06
9.440000000000000000e+02 2.275560000000000000e+06
9.500000000000000000e+02 2.274770000000000000e+06
9.560000000000000000e+02 2.274210000000000000e+06
9.620000000000000000e+02 2.274550000000000000e+06
9.680000000000000000e+02 2.273130000000000000e+06
9.740000000000000000e+02 2.274930000000000000e+06
9.800000000000000000e+02 2.275580000000000000e+06
9.860000000000000000e+02 2.274500000000000000e+06
9.920000000000000000e+02 2.275570000000000000e+06
9.980000000000000000e+02 2.274540000000000000e+06
1.004000000000000000e+03 2.276370000000000000e+06
1.010000000000000000e+03 2.274940000000000000e+06
1.016000000000000000e+03 2.272960000000000000e+06
1.022000000000000000e+03 2.274270000000000000e+06
1.028000000000000000e+03 2.274370000000000000e+06
1.034000000000000000e+03 2.274560000000000000e+06
1.040000000000000000e+03 2.274450000000000000e+06
1.046000000000000000e+03 2.274820000000000000e+06
1.052000000000000000e+03 2.276080000000000000e+06
1.058000000000000000e+03 2.274030000000000000e+06
1.064000000000000000e+03 2.275560000000000000e+06
1.070000000000000000e+03 2.275430000000000000e+06
1.076000000000000000e+03 2.275080000000000000e+06
1.082000000000000000e+03 2.275220000000000000e+06
1.088000000000000000e+03 2.275170000000000000e+06
1.094000000000000000e+03 2.276120000000000000e+06
1.100000000000000000e+03 2.274160000000000000e+06
1.106000000000000000e+03 2.274330000000000000e+06
1.112000000000000000e+03 2.273540000000000000e+06
1.118000000000000000e+03 2.274570000000000000e+06
1.124000000000000000e+03 2.275170000000000000e+06
1.130000000000000000e+03 2.273630000000000000e+06
1.136000000000000000e+03 2.275090000000000000e+06
1.142000000000000000e+03 2.276410000000000000e+06
1.148000000000000000e+03 2.273930000000000000e+06
1.154000000000000000e+03 2.274010000000000000e+06
1.160000000000000000e+03 2.275400000000000000e+06
1.166000000000000000e+03 2.274380000000000000e+06
1.172000000000000000e+03 2.275530000000000000e+06
1.178000000000000000e+03 2.275920000000000000e+06
1.184000000000000000e+03 2.274500000000000000e+06
1.190000000000000000e+03 2.274690000000000000e+06
1.196000000000000000e+03 2.273940000000000000e+06
1.202000000000000000e+03 2.273500000000000000e+06
1.208000000000000000e+03 2.274730000000000000e+06
1.214000000000000000e+03 2.275430000000000000e+06
1.220000000000000000e+03 2.275090000000000000e+06
1.226000000000000000e+03 2.275420000000000000e+06
1.232000000000000000e+03 2.274760000000000000e+06
1.238000000000000000e+03 2.273990000000000000e+06
1.244000000000000000e+03 2.275140000000000000e+06
1.250000000000000000e+03 2.274480000000000000e+06
1.256000000000000000e+03 2.274390000000000000e+06
1.262000000000000000e+03 2.274980000000000000e+06
1.268000000000000000e+03 2.273350000000000000e+06
1.274000000000000000e+03 2.273350000000000000e+06
1.280000000000000000e+03 2.274800000000000000e+06
1.286000000000000000e+03 2.275150000000000000e+06
1.292000000000000000e+03 2.274720000000000000e+06
1.298000000000000000e+03 2.274760000000000000e+06
1.304000000000000000e+03 2.275290000000000000e+06
1.310000000000000000e+03 2.273970000000000000e+06
1.316000000000000000e+03 2.274710000000000000e+06
1.322000000000000000e+03 2.274540000000000000e+06
1.328000000000000000e+03 2.274780000000000000e+06
1.334000000000000000e+03 2.275420000000000000e+06
1.340000000000000000e+03 2.275830000000000000e+06
1.346000000000000000e+03 2.273100000000000000e+06
1.352000000000000000e+03 2.275870000000000000e+06
1.358000000000000000e+03 2.272900000000000000e+06
1.364000000000000000e+03 2.276680000000000000e+06
1.370000000000000000e+03 2.276550000000000000e+06
1.376000000000000000e+03 2.274280000000000000e+06
1.382000000000000000e+03 2.276430000000000000e+06
1.388000000000000000e+03 2.273780000000000000e+06
1.394000000000000000e+03 2.276560000000000000e+06
1.400000000000000000e+03 2.274770000000000000e+06
1.406000000000000000e+03 2.275470000000000000e+06
1.412000000000000000e+03 2.274000000000000000e+06
1.418000000000000000e+03 2.275820000000000000e+06
1.424000000000000000e+03 2.275030000000000000e+06
1.430000000000000000e+03 2.274570000000000000e+06
1.436000000000000000e+03 2.272330000000000000e+06
1.442000000000000000e+03 2.276630000000000000e+06
1.448000000000000000e+03 2.274060000000000000e+06
1.454000000000000000e+03 2.273170000000000000e+06
1.460000000000000000e+03 2.273880000000000000e+06
1.466000000000000000e+03 2.273850000000000000e+06
1.472000000000000000e+03 2.273570000000000000e+06
1.478000000000000000e+03 2.275220000000000000e+06
1.484000000000000000e+03 2.276160000000000000e+06
1.490000000000000000e+03 2.274740000000000000e+06
1.496000000000000000e+03 2.277460000000000000e+06
1.502000000000000000e+03 2.275230000000000000e+06
1.508000000000000000e+03 2.275840000000000000e+06
1.514000000000000000e+03 2.273660000000000000e+06
1.520000000000000000e+03 2.273680000000000000e+06
