2.600000000000000000e+03 9.970977633916620064e-01
2.601199999999999818e+03 9.990052082065760120e-01
2.602399999999999636e+03 9.987040327094842684e-01
2.603600000000000364e+03 9.987496653605587582e-01
2.604800000000000182e+03 9.982902966730755612e-01
2.606000000000000000e+03 9.976058069069581036e-01
2.607200000000000273e+03 9.991390639830611820e-01
2.608400000000000091e+03 9.982537905522159694e-01
2.609599999999999909e+03 9.996136435542358756e-01
2.610799999999999727e+03 9.980347538270583074e-01
2.612000000000000000e+03 9.985640925795224998e-01
2.613199999999999818e+03 9.977792109810411647e-01
2.614399999999999636e+03 9.981381878361604842e-01
2.615600000000000364e+03 9.972468300518386730e-01
2.616800000000000182e+03 9.992029496945654676e-01
2.618000000000000000e+03 9.973958967120153396e-01
2.619200000000000273e+03 9.970947212149237071e-01
2.620400000000000091e+03 9.974597824235196253e-01
2.621599999999999909e+03 9.981686096035434774e-01
2.622799999999999727e+03 9.988622258998758330e-01
2.624000000000000000e+03 9.969882450290832310e-01
2.625199999999999818e+03 9.990143347367909099e-01
2.626399999999999636e+03 9.993885224756017260e-01
2.627600000000000364e+03 9.980347538270583074e-01
2.628800000000000182e+03 9.975693007860985118e-01
2.630000000000000000e+03 9.967053225924212834e-01
2.631200000000000273e+03 9.998326802793935375e-01
2.632400000000000091e+03 9.987770449512034521e-01
2.633599999999999909e+03 9.978065905716858586e-01
2.634799999999999727e+03 9.974293606561366321e-01
2.636000000000000000e+03 9.979769524690306204e-01
2.637199999999999818e+03 9.968452627223831630e-01
2.638399999999999636e+03 9.976970722091070831e-01
2.639600000000000364e+03 9.989595755555015222e-01
2.640800000000000182e+03 9.984637007471586223e-01
2.642000000000000000e+03 9.983450558543649489e-01
2.643200000000000273e+03 9.977366205067049743e-01
2.644400000000000091e+03 9.982690014359074659e-01
2.645599999999999909e+03 9.975419211954538179e-01
2.646799999999999727e+03 9.980560490642264027e-01
2.648000000000000000e+03 9.993368054710506376e-01
2.649199999999999818e+03 9.974354450096132307e-01
2.650400000000000091e+03 9.977244517997517770e-01
2.651600000000000364e+03 9.983724354450096428e-01
2.652800000000000182e+03 9.966901117087297868e-01
2.654000000000000000e+03 9.975540899024070152e-01
2.655199999999999818e+03 9.969852028523449317e-01
2.656400000000000091e+03 9.977579157438730695e-01
2.657599999999999909e+03 9.979556572318625252e-01
2.658799999999999727e+03 9.980377960037966067e-01
2.660000000000000000e+03 9.989200272579035200e-01
2.661199999999999818e+03 9.993581007082187329e-01
2.662400000000000091e+03 9.985823456399522957e-01
2.663600000000000364e+03 9.983055075567670578e-01
2.664800000000000182e+03 9.981199347757306883e-01
2.666000000000000000e+03 9.980073742364136136e-01
2.667199999999999818e+03 9.982324953150478741e-01
2.668400000000000091e+03 9.979039402273114368e-01
2.669599999999999909e+03 9.986888218257927718e-01
2.670799999999999727e+03 9.978278858088539538e-01
2.672000000000000000e+03 9.985580082260459012e-01
2.673199999999999818e+03 9.984089415658692346e-01
2.674400000000000091e+03 9.969243593175789453e-01
2.675600000000000364e+03 9.978613497529752463e-01
2.676800000000000182e+03 9.975632164326219131e-01
2.678000000000000000e+03 9.981899048407115727e-01
2.679199999999999818e+03 9.981108082455157904e-01
2.680400000000000091e+03 9.973776436515855437e-01
2.681599999999999909e+03 9.963341770303487666e-01
2.682799999999999727e+03 9.962581226118912836e-01
2.684000000000000000e+03 9.943111294993793869e-01
2.685199999999999818e+03 9.929756139112657642e-01
2.686400000000000091e+03 9.896200929689211723e-01
2.687600000000000364e+03 9.888686753145611297e-01
2.688800000000000182e+03 9.888990970819441229e-01
2.690000000000000000e+03 9.887226508311226514e-01
2.691199999999999818e+03 9.897174426245467505e-01
2.692400000000000091e+03 9.912263622867434343e-01
2.693599999999999909e+03 9.951568546326267084e-01
2.694799999999999727e+03 9.949895349120202459e-01
2.696000000000000000e+03 9.949864927352819466e-01
2.697199999999999818e+03 9.951264328652437152e-01
2.698400000000000091e+03 9.954610723064567512e-01
2.699600000000000364e+03 9.951903185767480009e-01
2.700800000000000182e+03 9.961881525469103993e-01
2.702000000000000000e+03 9.980499647107498040e-01
2.703199999999999818e+03 9.983115919102436564e-01
2.704400000000000091e+03 9.977792109810411647e-01
2.705599999999999909e+03 9.982081579011414796e-01
2.706799999999999727e+03 9.965897198763659093e-01
2.708000000000000000e+03 9.985671347562607991e-01
2.709200000000000273e+03 9.979434885249093279e-01
2.710400000000000091e+03 9.973746014748472444e-01
2.711599999999999909e+03 9.980225851201051102e-01
2.712800000000000182e+03 9.980165007666285115e-01
2.714000000000000000e+03 9.985123755749714114e-01
2.715199999999999818e+03 9.989261116113802297e-01
2.716400000000000091e+03 9.975905960232666070e-01
2.717599999999999909e+03 9.975327946652389199e-01
2.718799999999999727e+03 9.983328871474117516e-01
2.720000000000000000e+03 9.987405388303438603e-01
2.721200000000000273e+03 9.977913796879943620e-01
2.722400000000000091e+03 9.981959891941881713e-01
2.723599999999999909e+03 9.981564408965902802e-01
2.724800000000000182e+03 9.984180680960841325e-01
2.726000000000000000e+03 9.973228844702961560e-01
2.727199999999999818e+03 9.982203266080946769e-01
2.728400000000000091e+03 9.992181605782569642e-01
2.729599999999999909e+03 9.976088490836964029e-01
2.730799999999999727e+03 9.987709605977268534e-01
2.732000000000000000e+03 9.984545742169437244e-01
2.733200000000000273e+03 9.964406532161892427e-01
2.734400000000000091e+03 9.982446640220010714e-01
2.735599999999999909e+03 9.980286694735817088e-01
2.736800000000000182e+03 9.974780354839494212e-01
2.738000000000000000e+03 9.976514395580325933e-01
2.739199999999999818e+03 9.971221008055684010e-01
2.740400000000000091e+03 9.976788191486772872e-01
2.741599999999999909e+03 9.982355374917861734e-01
2.742799999999999727e+03 9.976788191486772872e-01
2.744000000000000000e+03 9.986979483560076698e-01
2.745200000000000273e+03 9.968330940154299658e-01
2.746400000000000091e+03 9.986371048212416834e-01
2.747599999999999909e+03 9.979008980505731374e-01
2.748800000000000182e+03 9.982933388498138605e-01
2.750000000000000000e+03 9.977518313903964708e-01
2.751199999999999818e+03 9.961242668354061136e-01
2.752400000000000091e+03 9.956192654968483158e-01
2.753599999999999909e+03 9.931307649249190295e-01
2.754799999999999727e+03 9.938000438073449905e-01
2.756000000000000000e+03 9.918865146389544973e-01
2.757200000000000273e+03 9.860820414222785102e-01
2.758400000000000091e+03 9.849473094988926425e-01
2.759599999999999909e+03 9.825379055221592495e-01
2.760800000000000182e+03 9.833775463019299723e-01
2.762000000000000000e+03 9.839160115846090626e-01
2.763199999999999818e+03 9.862463189661466734e-01
2.764400000000000091e+03 9.885370780500863930e-01
2.765599999999999909e+03 9.917465745089927287e-01
2.766799999999999727e+03 9.939095621699238770e-01
2.768000000000000000e+03 9.946427267638541236e-01
2.769200000000000273e+03 9.959021879335101524e-01
2.770400000000000091e+03 9.962398695514614877e-01
2.771599999999999909e+03 9.984211102728224319e-01
2.772800000000000182e+03 9.973289688237727546e-01
2.774000000000000000e+03 9.984058993891309353e-01
2.775199999999999818e+03 9.984880381610650169e-01
2.776400000000000091e+03 9.980682177711795999e-01
2.777599999999999909e+03 9.983967728589160373e-01
2.778799999999999727e+03 9.980377960037966067e-01
2.780000000000000000e+03 9.985945143469054930e-01
2.781200000000000273e+03 9.980712599479178992e-01
2.782400000000000091e+03 9.977609579206113688e-01
2.783599999999999909e+03 9.966414368809169977e-01
2.784800000000000182e+03 9.987009905327459691e-01
2.786000000000000000e+03 9.962794178490593788e-01
2.787199999999999818e+03 9.969030640804108501e-01
2.788400000000000091e+03 9.958017961011462749e-01
2.789599999999999909e+03 9.955249580179610369e-01
2.790799999999999727e+03 9.911229282776412575e-01
2.792000000000000000e+03 9.917982915135438171e-01
2.793200000000000273e+03 9.912020248728370397e-01
2.794400000000000091e+03 9.895440385504635783e-01
2.795599999999999909e+03 9.921755214290929326e-01
2.796800000000000182e+03 9.930273309158168527e-01
2.798000000000000000e+03 9.945818832290880263e-01
2.799199999999999818e+03 9.965927620531042086e-01
2.800399999999999636e+03 9.976909878556304845e-01
2.801599999999999909e+03 9.979100245807880354e-01
2.802800000000000182e+03 9.986827374723161732e-01
2.804000000000000000e+03 9.973654749446323464e-01
2.805200000000000273e+03 9.985732191097373978e-01
2.806400000000000091e+03 9.975875538465283077e-01
2.807599999999999909e+03 9.982537905522159694e-01
2.808800000000000182e+03 9.976149334371730015e-01
2.810000000000000000e+03 9.976362286743410968e-01
2.811199999999999818e+03 9.968117987782618705e-01
2.812399999999999636e+03 9.978126749251624572e-01
2.813599999999999909e+03 9.977640000973496681e-01
2.814800000000000182e+03 9.972164082844556798e-01
2.816000000000000000e+03 9.978613497529752463e-01
2.817200000000000273e+03 9.976849035021538858e-01
2.818400000000000091e+03 9.975358368419772193e-01
2.819599999999999909e+03 9.979282776412178313e-01
2.820800000000000182e+03 9.981838204872349740e-01
2.822000000000000000e+03 9.976727347952006886e-01
2.823199999999999818e+03 9.972316191681471764e-01
2.824399999999999636e+03 9.978187592786390558e-01
2.825599999999999909e+03 9.996805714424785716e-01
2.826800000000000182e+03 9.982659592591691666e-01
2.828000000000000000e+03 9.981686096035434774e-01
2.829200000000000273e+03 9.983876463287011394e-01
2.830400000000000091e+03 9.994615347173209097e-01
2.831599999999999909e+03 9.984180680960841325e-01
2.832800000000000182e+03 9.975875538465283077e-01
2.834000000000000000e+03 9.979404463481710286e-01
2.835199999999999818e+03 9.976453552045559947e-01
2.836399999999999636e+03 9.982203266080946769e-01
2.837599999999999909e+03 9.985336708121395066e-01
2.838800000000000182e+03 9.988561415463992343e-01
2.840000000000000000e+03 9.991238530993696854e-01
2.841200000000000273e+03 9.979860789992455183e-01
2.842400000000000091e+03 9.985488816958310032e-01
2.843599999999999909e+03 9.985397551656161053e-01
2.844800000000000182e+03 9.974841198374260198e-01
2.846000000000000000e+03 9.978552653994986477e-01
2.847199999999999818e+03 9.971616491031662921e-01
2.848399999999999636e+03 9.976544817347708927e-01
2.849599999999999909e+03 9.975997225534815049e-01
2.850800000000000182e+03 9.962855022025359775e-01
2.852000000000000000e+03 9.951446859256735111e-01
2.853200000000000273e+03 9.950321253863564364e-01
2.854400000000000091e+03 9.928113363673976011e-01
2.855599999999999909e+03 9.884488549246757128e-01
2.856799999999999727e+03 9.867969529557789610e-01
2.858000000000000000e+03 9.905631677577940719e-01
2.859199999999999818e+03 9.871620141643748791e-01
2.860399999999999636e+03 9.864896931052106188e-01
2.861600000000000364e+03 9.878830100513519286e-01
2.862800000000000182e+03 9.907487405388303303e-01
2.864000000000000000e+03 9.926105527026698461e-01
2.865200000000000273e+03 9.952511621115139873e-01
2.866400000000000091e+03 9.956314342038015130e-01
2.867599999999999909e+03 9.954336927158120574e-01
2.868799999999999727e+03 9.966992382389446847e-01
2.870000000000000000e+03 9.985002068680182141e-01
2.871199999999999818e+03 9.969000219036725507e-01
2.872399999999999636e+03 9.979830368225072190e-01
2.873600000000000364e+03 9.980560490642264027e-01
2.874800000000000182e+03 9.990204190902675085e-01
2.876000000000000000e+03 9.975540899024070152e-01
2.877200000000000273e+03 9.971221008055684010e-01
2.878400000000000091e+03 9.985062912214948128e-01
2.879599999999999909e+03 9.986401469979799828e-01
2.880799999999999727e+03 9.976849035021538858e-01
2.882000000000000000e+03 9.976423130278176954e-01
2.883199999999999818e+03 9.978704762831901443e-01
2.884399999999999636e+03 9.986705687653629759e-01
2.885600000000000364e+03 9.965897198763659093e-01
2.886800000000000182e+03 9.987192435931757650e-01
2.888000000000000000e+03 9.990599673878653997e-01
2.889200000000000273e+03 9.988165932488013432e-01
2.890400000000000091e+03 9.982750857893840646e-01
2.891599999999999909e+03 9.981077660687774911e-01
2.892799999999999727e+03 9.983420136776266496e-01
2.894000000000000000e+03 9.985215021051863094e-01
2.895199999999999818e+03 9.982750857893840646e-01
2.896399999999999636e+03 9.990295456204824065e-01
2.897600000000000364e+03 9.981929470174498720e-01
2.898800000000000182e+03 9.987131592396991664e-01
2.900000000000000000e+03 9.973593905911557478e-01
2.901199999999999818e+03 9.984789116308501189e-01
2.902400000000000091e+03 9.995010830149188008e-01
2.903599999999999909e+03 9.999513251721872109e-01
2.904799999999999727e+03 9.975114994280708247e-01
2.906000000000000000e+03 9.986005987003820916e-01
2.907199999999999818e+03 9.985549660493076018e-01
2.908400000000000091e+03 9.976149334371730015e-01
2.909600000000000364e+03 9.976605660882474913e-01
2.910800000000000182e+03 9.982020735476647699e-01
2.912000000000000000e+03 9.965288763415999229e-01
2.913199999999999818e+03 9.984363211565139284e-01
2.914400000000000091e+03 9.986675265886246766e-01
2.915599999999999909e+03 9.977670422740879674e-01
2.916799999999999727e+03 9.979739102922923211e-01
2.918000000000000000e+03 9.980834286548710965e-01
2.919199999999999818e+03 9.976544817347708927e-01
2.920400000000000091e+03 9.964832436905254331e-01
2.921600000000000364e+03 9.948435104285818786e-01
2.922800000000000182e+03 9.949499866144223548e-01
2.924000000000000000e+03 9.948161308379371848e-01
2.925199999999999818e+03 9.912081092263136384e-01
2.926400000000000091e+03 9.877826182189880511e-01
2.927599999999999909e+03 9.858264985762612564e-01
2.928799999999999727e+03 9.854644795444036376e-01
2.930000000000000000e+03 9.847708632480712820e-01
2.931199999999999818e+03 9.874023461267005253e-01
2.932400000000000091e+03 9.906483487064664528e-01
2.933600000000000364e+03 9.916826887974883320e-01
2.934800000000000182e+03 9.934714887196086641e-01
2.936000000000000000e+03 9.947431185962180011e-01
2.937199999999999818e+03 9.951933607534863002e-01
2.938400000000000091e+03 9.974384871863515301e-01
2.939599999999999909e+03 9.979617415853391238e-01
2.940799999999999727e+03 9.977305361532283756e-01
2.942000000000000000e+03 9.981108082455157904e-01
2.943199999999999818e+03 9.983176762637202550e-01
2.944400000000000091e+03 9.976636082649857906e-01
2.945600000000000364e+03 9.977305361532283756e-01
2.946800000000000182e+03 9.975236681350240220e-01
2.948000000000000000e+03 9.980560490642264027e-01
2.949199999999999818e+03 9.969426123780087412e-01
2.950400000000000091e+03 9.995528000194698892e-01
2.951599999999999909e+03 9.964619484533573379e-01
2.952799999999999727e+03 9.979069824040497361e-01
2.954000000000000000e+03 9.987162014164374657e-01
2.955200000000000273e+03 9.986584000584097787e-01
2.956400000000000091e+03 9.986066830538586903e-01
2.957599999999999909e+03 9.985671347562607991e-01
2.958800000000000182e+03 9.983754776217479421e-01
2.960000000000000000e+03 9.975327946652389199e-01
2.961199999999999818e+03 9.987314123001289623e-01
2.962400000000000091e+03 9.985245442819246087e-01
2.963599999999999909e+03 9.986310204677650848e-01
2.964799999999999727e+03 9.973867701818004416e-01
2.966000000000000000e+03 9.983450558543649489e-01
2.967200000000000273e+03 9.985945143469054930e-01
2.968400000000000091e+03 9.976027647302198043e-01
2.969599999999999909e+03 9.986066830538586903e-01
2.970800000000000182e+03 9.990660517413419983e-01
2.972000000000000000e+03 9.972833361726982648e-01
2.973199999999999818e+03 9.979769524690306204e-01
2.974400000000000091e+03 9.976423130278176954e-01
2.975599999999999909e+03 9.983663510915330441e-01
2.976799999999999727e+03 9.976027647302198043e-01
2.978000000000000000e+03 9.979434885249093279e-01
2.979200000000000273e+03 9.957774586872398803e-01
2.980400000000000091e+03 9.958535131056973633e-01
2.981599999999999909e+03 9.965775511694127120e-01
2.982800000000000182e+03 9.946701063544988175e-01
2.984000000000000000e+03 9.928630533719486895e-01
2.985199999999999818e+03 9.937726642167002966e-01
2.986400000000000091e+03 9.916309717929372436e-01
2.987599999999999909e+03 9.926257635863613427e-01
2.988799999999999727e+03 9.940282070627175504e-01
2.990000000000000000e+03 9.939156465234004756e-01
2.991200000000000273e+03 9.951659811628416064e-01
2.992400000000000091e+03 9.967600817737106711e-01
2.993599999999999909e+03 9.975632164326219131e-01
2.994800000000000182e+03 9.977214096230134777e-01
2.996000000000000000e+03 9.976331864976027974e-01
2.997199999999999818e+03 9.980712599479178992e-01
2.998400000000000091e+03 9.975054150745942261e-01
2.999599999999999909e+03 9.970125824429896255e-01
3.000799999999999727e+03 9.980165007666285115e-01
3.002000000000000000e+03 9.975236681350240220e-01
3.003200000000000273e+03 9.967387865365425759e-01
3.004400000000000091e+03 9.973228844702961560e-01
3.005599999999999909e+03 9.951964029302245995e-01
3.006800000000000182e+03 9.962672491421061816e-01
3.008000000000000000e+03 9.946183893499477291e-01
3.009199999999999818e+03 9.879621066465477108e-01
3.010400000000000091e+03 9.864744822215191222e-01
3.011599999999999909e+03 9.876183406751198879e-01
3.012799999999999727e+03 9.878647569909221327e-01
3.014000000000000000e+03 9.869277665555258316e-01
3.015200000000000273e+03 9.890268685049526942e-01
3.016400000000000091e+03 9.912598262308647268e-01
3.017599999999999909e+03 9.935171213706831539e-01
3.018800000000000182e+03 9.928782642556401861e-01
3.020000000000000000e+03 9.957683321570249824e-01
3.021199999999999818e+03 9.967022804156829840e-01
3.022400000000000091e+03 9.973563484144174485e-01
3.023599999999999909e+03 9.967083647691595827e-01
3.024799999999999727e+03 9.979465307016476272e-01
3.026000000000000000e+03 9.968604736060746596e-01
3.027200000000000273e+03 9.990234612670058079e-01
3.028400000000000091e+03 9.979100245807880354e-01
3.029599999999999909e+03 9.976027647302198043e-01
3.030800000000000182e+03 9.980286694735817088e-01
3.032000000000000000e+03 9.970308355034194214e-01
3.033199999999999818e+03 9.975419211954538179e-01
3.034400000000000091e+03 9.986249361142884862e-01
3.035599999999999909e+03 9.990964735087249915e-01
3.036799999999999727e+03 9.972164082844556798e-01
3.038000000000000000e+03 9.975297524885006206e-01
3.039200000000000273e+03 1.000000000000000000e+00
3.040400000000000091e+03 9.978339701623305524e-01
3.041599999999999909e+03 9.965805933461510113e-01
3.042800000000000182e+03 9.985975565236437923e-01
3.044000000000000000e+03 9.977700844508262668e-01
3.045199999999999818e+03 9.971190586288301017e-01
3.046400000000000091e+03 9.968513470758597617e-01
3.047599999999999909e+03 9.981412300128987836e-01
3.048800000000000182e+03 9.997049088563849661e-01
3.050000000000000000e+03 9.986279782910267855e-01
3.051200000000000273e+03 9.971160164520918023e-01
3.052400000000000091e+03 9.972924627029131628e-01
3.053599999999999909e+03 9.979069824040497361e-01
3.054800000000000182e+03 9.979161089342646340e-01
3.056000000000000000e+03 9.978430966925454504e-01
3.057199999999999818e+03 9.969243593175789453e-01
3.058399999999999636e+03 9.958595974591739619e-01
3.059599999999999909e+03 9.953393852369247785e-01
3.060800000000000182e+03 9.917131105648713252e-01
3.062000000000000000e+03 9.911350969845944547e-01
3.063200000000000273e+03 9.903380466791599224e-01
3.064400000000000091e+03 9.901707269585533489e-01
3.065599999999999909e+03 9.904597337486918951e-01
3.066800000000000182e+03 9.925314561074740638e-01
3.068000000000000000e+03 9.946366424103775250e-01
3.069199999999999818e+03 9.954002287716907649e-01
3.070399999999999636e+03 9.962702913188444809e-01
3.071599999999999909e+03 9.973867701818004416e-01
3.072800000000000182e+03 9.975114994280708247e-01
3.074000000000000000e+03 9.966505634111318956e-01
3.075200000000000273e+03 9.969547810849619385e-01
3.076400000000000091e+03 9.982902966730755612e-01
3.077599999999999909e+03 9.970764681544939112e-01
3.078800000000000182e+03 9.975206259582857227e-01
3.080000000000000000e+03 9.967783348341405780e-01
3.081199999999999818e+03 9.971951130472875846e-01
3.082399999999999636e+03 9.984880381610650169e-01
3.083599999999999909e+03 9.984393633332522278e-01
3.084800000000000182e+03 9.981321034826838856e-01
3.086000000000000000e+03 9.974263184793983328e-01
3.087200000000000273e+03 9.976423130278176954e-01
3.088400000000000091e+03 9.985671347562607991e-01
3.089599999999999909e+03 9.981655674268051781e-01
3.090800000000000182e+03 9.973715592981089451e-01
3.092000000000000000e+03 9.984424055099905271e-01
3.093199999999999818e+03 9.987861714814183500e-01
3.094399999999999636e+03 9.979221932877412327e-01
3.095599999999999909e+03 9.978065905716858586e-01
3.096800000000000182e+03 9.987983401883715473e-01
3.098000000000000000e+03 9.986340626445033841e-01
3.099200000000000273e+03 9.992120762247803656e-01
3.100400000000000091e+03 9.970703838010173126e-01
3.101599999999999909e+03 9.985032490447565134e-01
3.102799999999999727e+03 9.977518313903964708e-01
3.104000000000000000e+03 9.972498722285769723e-01
3.105199999999999818e+03 9.974536980700430266e-01
3.106399999999999636e+03 9.983693932682713434e-01
3.107600000000000364e+03 9.989230694346419304e-01
3.108800000000000182e+03 9.987800871279417514e-01
3.110000000000000000e+03 9.979161089342646340e-01
3.111200000000000273e+03 9.979921633527221170e-01
3.112400000000000091e+03 9.973746014748472444e-01
3.113599999999999909e+03 9.984667429238969216e-01
3.114799999999999727e+03 9.986066830538586903e-01
3.116000000000000000e+03 9.989656599089781208e-01
3.117199999999999818e+03 9.966566477646084943e-01
3.118399999999999636e+03 9.978978558738348381e-01
3.119600000000000364e+03 9.999604517024021089e-01
3.120800000000000182e+03 9.987496653605587582e-01
3.122000000000000000e+03 9.975114994280708247e-01
3.123200000000000273e+03 9.988287619557545405e-01
3.124400000000000091e+03 9.985427973423544046e-01
3.125599999999999909e+03 9.981594830733285795e-01
3.126799999999999727e+03 9.970277933266811221e-01
3.128000000000000000e+03 9.979982477061987156e-01
3.129199999999999818e+03 9.976605660882474913e-01
3.130399999999999636e+03 9.987314123001289623e-01
3.131600000000000364e+03 9.982020735476647699e-01
3.132800000000000182e+03 9.986796952955778739e-01
3.134000000000000000e+03 9.980256272968434095e-01
3.135200000000000273e+03 9.984758694541118196e-01
3.136400000000000091e+03 9.989474068485483249e-01
3.137599999999999909e+03 9.998022585120105443e-01
3.138799999999999727e+03 9.989656599089781208e-01
3.140000000000000000e+03 9.984271946262990305e-01
3.141199999999999818e+03 9.977244517997517770e-01
3.142399999999999636e+03 9.971586069264279928e-01
3.143600000000000364e+03 9.974749933072111219e-01
3.144800000000000182e+03 9.995649687264230865e-01
3.146000000000000000e+03 9.982537905522159694e-01
3.147200000000000273e+03 9.981016817153008924e-01
3.148400000000000091e+03 9.988439728394460371e-01
3.149599999999999909e+03 9.976483973812942940e-01
3.150799999999999727e+03 9.976544817347708927e-01
3.152000000000000000e+03 9.985306286354012073e-01
3.153199999999999818e+03 9.978309279855922531e-01
3.154400000000000091e+03 9.994402394801528144e-01
3.155600000000000364e+03 9.975023728978559268e-01
3.156800000000000182e+03 9.990812626250334949e-01
3.158000000000000000e+03 9.980043320596753142e-01
3.159199999999999818e+03 9.982537905522159694e-01
3.160400000000000091e+03 9.995497578427315899e-01
3.161599999999999909e+03 9.991816544573973724e-01
3.162799999999999727e+03 9.982811701428606632e-01
3.164000000000000000e+03 9.976301443208644981e-01
3.165199999999999818e+03 9.981321034826838856e-01
3.166400000000000091e+03 9.977183674462751783e-01
3.167600000000000364e+03 9.988804789603056289e-01
3.168800000000000182e+03 9.993033415269293451e-01
3.170000000000000000e+03 9.973380953539876526e-01
3.171199999999999818e+03 9.979769524690306204e-01
3.172400000000000091e+03 9.988074667185864453e-01
3.173599999999999909e+03 9.987861714814183500e-01
3.174799999999999727e+03 9.980073742364136136e-01
3.176000000000000000e+03 9.973502640609408498e-01
3.177199999999999818e+03 9.982294531383095748e-01
3.178400000000000091e+03 9.993581007082187329e-01
3.179600000000000364e+03 9.985306286354012073e-01
3.180800000000000182e+03 9.986705687653629759e-01
3.182000000000000000e+03 9.988530993696609350e-01
3.183199999999999818e+03 9.976483973812942940e-01
3.184400000000000091e+03 9.978948136970965388e-01
3.185599999999999909e+03 9.998478911630850341e-01
3.186799999999999727e+03 9.981321034826838856e-01
3.188000000000000000e+03 9.973563484144174485e-01
3.189199999999999818e+03 9.983085497335053571e-01
3.190400000000000091e+03 9.980834286548710965e-01
3.191600000000000364e+03 9.958930614032952544e-01
3.192800000000000182e+03 9.976514395580325933e-01
3.194000000000000000e+03 9.985975565236437923e-01
3.195199999999999818e+03 9.981381878361604842e-01
3.196400000000000091e+03 9.988044245418481459e-01
3.197599999999999909e+03 9.983724354450096428e-01
3.198799999999999727e+03 9.985610504027842005e-01
3.200000000000000000e+03 9.986218939375501868e-01
