1.000000000000000021e-03 9.975036768396199349e-01
1.352880000000000055e-02 9.996464996923237756e-01
2.605760000000000021e-02 9.999825431946826049e-01
3.858650000000000274e-02 9.994762958404797004e-01
5.111530000000000240e-02 1.000000000000000000e+00
6.364409999999999512e-02 9.995155736524437007e-01
7.617290000000000172e-02 9.967573984123035968e-01
8.870179999999999731e-02 9.948720634380304739e-01
1.012310000000000015e-01 9.963515276886752980e-01
1.137589999999999990e-01 9.974294854170212554e-01
1.262880000000000114e-01 9.962904288700645816e-01
1.388169999999999960e-01 9.949418906592999434e-01
1.513460000000000083e-01 9.914505295958313535e-01
1.638749999999999929e-01 9.921488018085250493e-01
1.764040000000000052e-01 9.929954568664162151e-01
1.889319999999999888e-01 9.926114071494346325e-01
2.014610000000000012e-01 9.906256955445869039e-01
2.139900000000000135e-01 9.939119391455766284e-01
2.265189999999999981e-01 9.935758956432177991e-01
2.390480000000000105e-01 9.900583493717731720e-01
2.515760000000000218e-01 9.926899627733626330e-01
2.641049999999999787e-01 9.945578409423183608e-01
2.766339999999999910e-01 9.944269149024382859e-01
2.891630000000000034e-01 9.938071983136725907e-01
3.016920000000000157e-01 9.975735040608892934e-01
3.142209999999999726e-01 9.969145096601595979e-01
3.267490000000000117e-01 9.971719975385904267e-01
3.392780000000000240e-01 9.960285767903045429e-01
3.518069999999999808e-01 9.954481380135028479e-01
3.643359999999999932e-01 9.959194717570710731e-01
3.768650000000000055e-01 9.987300174131632513e-01
3.893929999999999891e-01 9.975124052422786880e-01
4.019220000000000015e-01 9.950117178805693019e-01
4.144510000000000138e-01 9.944094580971208908e-01
4.269800000000000262e-01 9.947585942034677942e-01
4.395089999999999830e-01 9.921531660098543703e-01
4.520379999999999954e-01 9.935933524485351942e-01
4.645659999999999790e-01 9.940341367827980612e-01
4.770949999999999913e-01 9.929387222491348197e-01
4.896240000000000037e-01 9.912148627240472409e-01
5.021529999999999605e-01 9.913501529652566369e-01
5.146819999999999729e-01 9.919174991380702577e-01
5.272109999999999852e-01 9.886574407450564594e-01
5.397389999999999688e-01 9.921880796204890496e-01
5.522679999999999811e-01 9.903638434648267541e-01
5.647969999999999935e-01 9.897790404866957381e-01
5.773260000000000058e-01 9.887927309862658554e-01
5.898550000000000182e-01 9.899317875332225292e-01
6.023830000000000018e-01 9.893731697630675503e-01
6.149120000000000141e-01 9.909704674496043753e-01
6.274410000000000265e-01 9.923888328816384830e-01
6.399700000000000388e-01 9.922797278484051242e-01
6.524990000000000512e-01 9.917123816755915033e-01
6.650279999999999525e-01 9.914767148038072797e-01
6.775560000000000471e-01 9.925415799281652740e-01
6.900849999999999485e-01 9.953739465909041684e-01
7.026139999999999608e-01 9.919262275407288998e-01
7.151429999999999731e-01 9.946233039622583982e-01
7.276719999999999855e-01 9.924979379148718417e-01
7.402009999999999978e-01 9.942479826479355687e-01
7.527289999999999814e-01 9.926943269746919540e-01
7.652579999999999938e-01 9.946494891702344354e-01
7.777870000000000061e-01 9.942436184466061366e-01
7.903160000000000185e-01 9.950990019071559445e-01
8.028450000000000308e-01 9.926506849613986327e-01
8.153730000000000144e-01 9.906169671419281508e-01
8.279020000000000268e-01 9.936937290791099109e-01
8.404310000000000391e-01 9.917516594875555036e-01
8.529600000000000515e-01 9.886137987317631382e-01
8.654889999999999528e-01 9.905253189140121872e-01
8.780179999999999652e-01 9.879198907203987634e-01
8.905459999999999487e-01 9.868462971933821271e-01
9.030749999999999611e-01 9.880159031496440480e-01
9.156039999999999734e-01 9.889411138314633254e-01
9.281329999999999858e-01 9.883955886652963096e-01
9.406619999999999981e-01 9.907129795711735465e-01
9.531899999999999817e-01 9.882864836320629509e-01
9.657189999999999941e-01 9.866324513282446196e-01
9.782480000000000064e-01 9.897834046880250591e-01
9.907770000000000188e-01 9.878151498884946147e-01
1.003309999999999924e+00 9.892422437231874754e-01
1.015830000000000011e+00 9.879678969350214057e-01
1.028359999999999941e+00 9.880944587735721596e-01
1.040890000000000093e+00 9.904380348874254336e-01
1.053420000000000023e+00 9.900103431571505297e-01
1.065949999999999953e+00 9.921749870165010865e-01
1.078480000000000105e+00 9.916294618503340708e-01
1.091010000000000035e+00 9.907740783897842629e-01
1.103539999999999965e+00 9.914461653945020325e-01
1.116069999999999895e+00 9.907217079738322996e-01
1.128589999999999982e+00 9.920396967752916906e-01
1.141119999999999912e+00 9.920571535806089747e-01
1.153650000000000064e+00 9.923233698616984455e-01
1.166179999999999994e+00 9.917516594875555036e-01
1.178709999999999924e+00 9.899099665265758130e-01
1.191240000000000077e+00 9.899928863518331346e-01
1.203770000000000007e+00 9.905427757193294713e-01
1.216299999999999937e+00 9.889934842474152887e-01
1.228820000000000023e+00 9.902460100289346423e-01
1.241349999999999953e+00 9.876842238486145398e-01
1.253880000000000106e+00 9.889192928248166092e-01
1.266410000000000036e+00 9.866149945229273355e-01
1.278939999999999966e+00 9.874180075675250690e-01
1.291469999999999896e+00 9.877409584658959352e-01
1.304000000000000048e+00 9.868986676093342014e-01
1.316529999999999978e+00 9.858730802969402074e-01
1.329059999999999908e+00 9.873307235409384264e-01
1.341579999999999995e+00 9.863793276511432229e-01
1.354109999999999925e+00 9.864186054631072231e-01
1.366640000000000077e+00 9.883912244639669886e-01
1.379170000000000007e+00 9.892989783404687598e-01
1.391699999999999937e+00 9.883126688400388771e-01
1.404230000000000089e+00 9.907915351951016580e-01
1.416760000000000019e+00 9.887229037649964969e-01
1.429289999999999949e+00 9.880944587735721596e-01
1.441810000000000036e+00 9.910053810602390545e-01
1.454339999999999966e+00 9.890764040726727213e-01
1.466869999999999896e+00 9.893557129577501552e-01
1.479400000000000048e+00 9.904511274914133967e-01
1.491929999999999978e+00 9.882733910280748768e-01
1.504459999999999908e+00 9.890240336567206469e-01
1.516990000000000061e+00 9.881904712028175553e-01
1.529519999999999991e+00 9.900976271837372833e-01
1.542049999999999921e+00 9.904380348874254336e-01
1.554570000000000007e+00 9.896175650375103050e-01
1.567099999999999937e+00 9.890022126500739308e-01
1.579630000000000090e+00 9.870819640651662397e-01
1.592160000000000020e+00 9.869292170186394486e-01
1.604689999999999950e+00 9.851355302722825114e-01
1.617220000000000102e+00 9.890414904620380421e-01
1.629750000000000032e+00 9.862353090072750739e-01
1.642279999999999962e+00 9.880551809616081593e-01
1.654800000000000049e+00 9.876842238486145398e-01
1.667329999999999979e+00 9.830756272448361033e-01
1.679859999999999909e+00 9.866237229255859775e-01
1.692390000000000061e+00 9.862920436245564693e-01
1.704919999999999991e+00 9.858643518942815653e-01
1.717449999999999921e+00 9.875838472180398231e-01
1.729980000000000073e+00 9.871823406957409563e-01
1.742510000000000003e+00 9.856723270357907740e-01
1.755039999999999933e+00 9.863182288325325064e-01
1.767560000000000020e+00 9.886268913357511012e-01
1.780089999999999950e+00 9.853275551307733027e-01
1.792620000000000102e+00 9.890545830660260052e-01
1.805150000000000032e+00 9.870819640651662397e-01
1.817679999999999962e+00 9.877322300632372931e-01
1.830209999999999892e+00 9.895651946215582306e-01
1.842740000000000045e+00 9.886879901543618177e-01
1.855269999999999975e+00 9.900190715598091717e-01
1.867790000000000061e+00 9.875620262113932180e-01
1.880319999999999991e+00 9.856854196397788481e-01
1.892849999999999921e+00 9.874660137821478223e-01
1.905380000000000074e+00 9.882472058200988396e-01
1.917910000000000004e+00 9.896699354534623794e-01
1.930439999999999934e+00 9.891680523005886849e-01
1.942970000000000086e+00 9.866542723348913357e-01
1.955500000000000016e+00 9.870121368438968812e-01
1.968029999999999946e+00 9.881948354041468763e-01
1.980550000000000033e+00 9.890807682740020423e-01
1.993079999999999963e+00 9.846554681260556441e-01
2.005609999999999893e+00 9.874267359701838220e-01
2.018139999999999823e+00 9.867677415694541265e-01
2.030670000000000197e+00 9.847296595486543236e-01
2.043200000000000127e+00 9.873307235409384264e-01
2.055730000000000057e+00 9.860345557461256405e-01
2.068259999999999987e+00 9.856330492238267738e-01
2.080779999999999852e+00 9.852839131174799814e-01
2.093309999999999782e+00 9.873219951382796733e-01
2.105840000000000156e+00 9.869073960119928435e-01
2.118370000000000086e+00 9.864535190737419024e-01
2.130900000000000016e+00 9.860956545647363569e-01
2.143429999999999946e+00 9.863793276511432229e-01
2.155959999999999877e+00 9.871299702797889930e-01
2.168489999999999807e+00 9.896088366348516630e-01
2.181020000000000181e+00 9.864011486577898280e-01
2.193540000000000045e+00 9.884610516852363471e-01
2.206069999999999975e+00 9.865451673016579770e-01
2.218599999999999905e+00 9.900627135731026041e-01
2.231129999999999836e+00 9.883126688400388771e-01
2.243660000000000210e+00 9.883170330413683091e-01
2.256190000000000140e+00 9.905645967259761875e-01
2.268720000000000070e+00 9.844285296569301735e-01
2.281250000000000000e+00 9.867371921601487683e-01
2.293769999999999865e+00 9.871125134744715979e-01
2.306299999999999795e+00 9.869554022266154858e-01
2.318830000000000169e+00 9.869466738239568437e-01
2.331360000000000099e+00 9.851093450643064742e-01
2.343890000000000029e+00 9.854192033586893773e-01
2.356419999999999959e+00 9.855719504052160573e-01
2.368949999999999889e+00 9.880682735655961224e-01
2.381479999999999819e+00 9.862964078258857903e-01
2.394010000000000193e+00 9.860651051554309987e-01
2.406530000000000058e+00 9.847602089579596818e-01
2.419059999999999988e+00 9.864971610870352237e-01
2.431589999999999918e+00 9.892116943138821172e-01
2.444119999999999848e+00 9.885788851211284589e-01
2.456649999999999778e+00 9.863967844564605070e-01
2.469180000000000152e+00 9.868070193814181268e-01
2.481710000000000083e+00 9.854933947812880568e-01
2.494240000000000013e+00 9.865844451136219773e-01
2.506759999999999877e+00 9.862134880006284687e-01
2.519289999999999807e+00 9.854715737746413406e-01
2.531820000000000181e+00 9.849260486084744359e-01
2.544350000000000112e+00 9.877278658619079721e-01
2.556880000000000042e+00 9.843325172276847779e-01
2.569409999999999972e+00 9.859603643235269610e-01
2.581939999999999902e+00 9.864884326843765816e-01
2.594469999999999832e+00 9.897615836813783430e-01
2.606990000000000141e+00 9.884872368932123843e-01
2.619520000000000071e+00 9.851137092656357952e-01
2.632050000000000001e+00 9.879809895390093688e-01
2.644579999999999931e+00 9.857945246730122069e-01
2.657109999999999861e+00 9.868288403880647319e-01
2.669639999999999791e+00 9.857246974517428484e-01
2.682170000000000165e+00 9.861611175846763944e-01
2.694700000000000095e+00 9.853886539493840191e-01
2.707230000000000025e+00 9.860956545647363569e-01
2.719749999999999890e+00 9.848169435752409662e-01
2.732279999999999820e+00 9.840968503559006653e-01
2.744810000000000194e+00 9.863487782418378647e-01
2.757340000000000124e+00 9.863924202551311859e-01
2.769870000000000054e+00 9.847471163539716077e-01
2.782399999999999984e+00 9.856592344318028109e-01
2.794929999999999914e+00 9.879460759283746896e-01
2.807459999999999845e+00 9.870906924678248817e-01
2.819980000000000153e+00 9.852664563121625863e-01
2.832510000000000083e+00 9.857421542570601325e-01
2.845040000000000013e+00 9.870426862532022394e-01
2.857569999999999943e+00 9.860170989408083564e-01
2.870099999999999874e+00 9.861436607793591103e-01
2.882629999999999804e+00 9.876667670432972557e-01
2.895160000000000178e+00 9.877671436738719724e-01
2.907690000000000108e+00 9.869815874345915230e-01
2.920220000000000038e+00 9.877016806539319349e-01
2.932739999999999903e+00 9.884479590812483840e-01
2.945269999999999833e+00 9.856461418278148479e-01
2.957800000000000207e+00 9.846772891327022492e-01
2.970330000000000137e+00 9.870601430585195235e-01
2.982860000000000067e+00 9.864098770604485811e-01
2.995389999999999997e+00 9.840968503559006653e-01
3.007919999999999927e+00 9.879766253376800478e-01
3.020449999999999857e+00 9.878893413110934052e-01
3.032970000000000166e+00 9.861829385913231105e-01
3.045500000000000096e+00 9.882253848134522345e-01
3.058030000000000026e+00 9.852359069028572280e-01
3.070559999999999956e+00 9.837346216455657988e-01
3.083089999999999886e+00 9.846598323273849651e-01
3.095619999999999816e+00 9.849085918031570408e-01
3.108150000000000190e+00 9.852402711041865491e-01
3.120680000000000121e+00 9.870688714611782766e-01
3.133210000000000051e+00 9.869117602133221645e-01
3.145729999999999915e+00 9.855763146065453784e-01
3.158259999999999845e+00 9.857814320690242438e-01
3.170790000000000219e+00 9.873961865608784638e-01
3.183320000000000149e+00 9.848824065951810036e-01
3.195850000000000080e+00 9.861131113700537520e-01
3.208380000000000010e+00 9.872128901050463146e-01
3.220909999999999940e+00 9.851660796815878696e-01
3.233439999999999870e+00 9.848518571858756454e-01
3.245960000000000178e+00 9.851311660709531903e-01
3.258490000000000109e+00 9.890851324753313634e-01
3.271020000000000039e+00 9.859079939075749976e-01
3.283549999999999969e+00 9.850657030510131529e-01
3.296079999999999899e+00 9.864578832750712234e-01
3.308609999999999829e+00 9.865844451136219773e-01
3.321140000000000203e+00 9.861305681753710362e-01
3.333670000000000133e+00 9.869466738239568437e-01
3.346200000000000063e+00 9.875489336074051439e-01
3.358719999999999928e+00 9.849784190244263993e-01
3.371249999999999858e+00 9.864055128591192600e-01
3.383779999999999788e+00 9.872041617023876725e-01
3.396310000000000162e+00 9.887970951875951764e-01
3.408840000000000092e+00 9.856635986331321320e-01
3.421370000000000022e+00 9.879853537403388009e-01
3.433899999999999952e+00 9.855675862038867363e-01
3.446429999999999882e+00 9.847383879513129656e-01
3.458950000000000191e+00 9.835949672030269708e-01
3.471480000000000121e+00 9.853799255467253770e-01
3.484010000000000051e+00 9.867502847641367314e-01
3.496539999999999981e+00 9.865800809122926562e-01
3.509069999999999911e+00 9.832283742913627833e-01
3.521599999999999842e+00 9.876449460366505395e-01
3.534130000000000216e+00 9.817576384433767123e-01
3.546660000000000146e+00 9.861392965780297892e-01
3.559190000000000076e+00 9.836735228269550824e-01
3.571709999999999940e+00 9.822464289922622216e-01
3.584239999999999871e+00 9.857683394650361697e-01
3.596769999999999801e+00 9.851835364869052647e-01
3.609300000000000175e+00 9.848387645818876823e-01
3.621830000000000105e+00 9.859123581089043187e-01
3.634360000000000035e+00 9.863444140405085436e-01
3.646889999999999965e+00 9.856417776264854158e-01
3.659419999999999895e+00 9.867415563614780893e-01
3.671940000000000204e+00 9.876711312446265767e-01
3.684470000000000134e+00 9.844809000728821369e-01
3.697000000000000064e+00 9.862964078258857903e-01
3.709529999999999994e+00 9.835818745990390077e-01
3.722059999999999924e+00 9.870165010452262022e-01
3.734589999999999854e+00 9.865626241069752611e-01
3.747119999999999784e+00 9.866717291402087309e-01
3.759650000000000158e+00 9.877147732579198980e-01
3.772180000000000089e+00 9.865451673016579770e-01
3.784699999999999953e+00 9.854803021773000937e-01
3.797229999999999883e+00 9.828486887757106327e-01
3.809759999999999813e+00 9.865495315029872980e-01
3.822290000000000187e+00 9.852271785001985860e-01
3.834820000000000118e+00 9.862571300139217900e-01
3.847350000000000048e+00 9.856024998145214155e-01
3.859879999999999978e+00 9.873525445475850315e-01
3.872409999999999908e+00 9.837826278601884411e-01
3.884930000000000216e+00 9.854977589826173778e-01
3.897460000000000147e+00 9.865408031003286560e-01
3.909990000000000077e+00 9.817401816380593171e-01
3.922520000000000007e+00 9.834596769618175749e-01
3.935049999999999937e+00 9.845027210795288530e-01
3.947579999999999867e+00 9.863095004298738644e-01
3.960109999999999797e+00 9.849696906217677572e-01
3.972640000000000171e+00 9.870077726425675602e-01
3.985170000000000101e+00 9.842801468117327035e-01
3.997689999999999966e+00 9.861698459873350364e-01
4.010220000000000340e+00 9.863444140405085436e-01
4.022750000000000270e+00 9.846772891327022492e-01
4.035280000000000200e+00 9.876973164526026139e-01
4.047810000000000130e+00 9.850569746483545108e-01
4.060340000000000060e+00 9.874965631914531805e-01
4.072869999999999990e+00 9.855763146065453784e-01
4.085399999999999920e+00 9.864316980670951862e-01
4.097920000000000229e+00 9.839091896987391950e-01
4.110450000000000159e+00 9.842408689997687032e-01
4.122980000000000089e+00 9.869379454212982017e-01
4.135510000000000019e+00 9.864447906710832603e-01
4.148039999999999949e+00 9.851922648895639067e-01
4.160569999999999879e+00 9.841797701811579868e-01
4.173099999999999810e+00 9.855763146065453784e-01
4.185629999999999740e+00 9.853450119360905868e-01
4.198159999999999670e+00 9.817925520540113915e-01
4.210679999999999978e+00 9.844110728516127784e-01
4.223209999999999908e+00 9.850657030510131529e-01
4.235739999999999839e+00 9.843368814290140989e-01
4.248269999999999769e+00 9.835120473777696493e-01
4.260799999999999699e+00 9.853493761374200188e-01
4.273329999999999629e+00 9.846860175353608913e-01
4.285859999999999559e+00 9.830625346408480292e-01
4.298390000000000377e+00 9.845158136835168161e-01
4.310909999999999798e+00 9.869466738239568437e-01
4.323439999999999728e+00 9.853275551307733027e-01
4.335969999999999658e+00 9.860520125514430356e-01
4.348499999999999588e+00 9.844459864622474576e-01
4.361030000000000406e+00 9.872303469103637097e-01
4.373560000000000336e+00 9.847645731592890028e-01
4.386090000000000266e+00 9.866237229255859775e-01
4.398620000000000196e+00 9.880202673509734801e-01
4.411150000000000126e+00 9.846641965287142861e-01
4.423670000000000435e+00 9.829403370036265963e-01
4.436200000000000365e+00 9.837695352562004780e-01
4.448730000000000295e+00 9.860040063368202823e-01
4.461260000000000225e+00 9.868375687907234850e-01
4.473790000000000155e+00 9.856330492238267738e-01
4.486320000000000086e+00 9.851617154802585485e-01
4.498850000000000016e+00 9.855064873852760199e-01
4.511379999999999946e+00 9.857028764450961322e-01
4.523900000000000254e+00 9.832545594993388205e-01
4.536430000000000184e+00 9.836298808136616501e-01
4.548960000000000115e+00 9.843674308383194571e-01
4.561490000000000045e+00 9.845550914954808164e-01
4.574019999999999975e+00 9.852708205134919073e-01
4.586549999999999905e+00 9.844154370529420994e-01
4.599079999999999835e+00 9.846074619114328907e-01
4.611609999999999765e+00 9.852315427015279070e-01
4.624139999999999695e+00 9.859647285248562820e-01
4.636660000000000004e+00 9.831061766541414615e-01
4.649189999999999934e+00 9.855108515866053409e-01
4.661719999999999864e+00 9.853144625267853396e-01
4.674249999999999794e+00 9.836822512296137244e-01
4.686779999999999724e+00 9.832589237006681415e-01
4.699309999999999654e+00 9.865888093149512983e-01
4.711839999999999584e+00 9.850133326350610785e-01
4.724370000000000402e+00 9.847471163539716077e-01
4.736889999999999823e+00 9.849827832257557203e-01
4.749419999999999753e+00 9.856155924185094896e-01
4.761949999999999683e+00 9.878762487071053311e-01
4.774479999999999613e+00 9.840924861545712332e-01
4.787010000000000431e+00 9.844110728516127784e-01
4.799540000000000362e+00 9.855370367945813781e-01
4.812070000000000292e+00 9.863182288325325064e-01
4.824600000000000222e+00 9.860170989408083564e-01
4.837130000000000152e+00 9.848431287832170034e-01
4.849649999999999572e+00 9.852140858962105119e-01
4.862180000000000391e+00 9.863749634498139018e-01
4.874710000000000321e+00 9.834073065458656115e-01
4.887240000000000251e+00 9.845463630928221743e-01
4.899770000000000181e+00 9.863967844564605070e-01
4.912300000000000111e+00 9.856461418278148479e-01
4.924830000000000041e+00 9.854715737746413406e-01
4.937359999999999971e+00 9.822769784015675798e-01
4.949880000000000280e+00 9.817009038260953169e-01
4.962410000000000210e+00 9.829490654062853494e-01
4.974940000000000140e+00 9.852795489161505493e-01
4.987470000000000070e+00 9.856374134251560948e-01
5.000000000000000000e+00 9.854672095733120196e-01
