0.001	2.28565E+6	0.001	2.28565E+6	
0.0135288	2.29056E+6	0.0135288	2.29056E+6	
0.0260576	2.29133E+6	0.0260576	2.29133E+6	
0.0385865	2.29017E+6	0.0385865	2.29017E+6	
0.0511153	2.29137E+6	0.0511153	2.29137E+6	
0.0636441	2.29026E+6	0.0636441	2.29026E+6	
0.0761729	2.28394E+6	0.0761729	2.28394E+6	
0.0887018	2.27962E+6	0.0887018	2.27962E+6	
0.101231	2.28301E+6	0.101231	2.28301E+6	
0.113759	2.28548E+6	0.113759	2.28548E+6	
0.126288	2.28287E+6	0.126288	2.28287E+6	
0.138817	2.27978E+6	0.138817	2.27978E+6	
0.151346	2.27178E+6	0.151346	2.27178E+6	
0.163875	2.27338E+6	0.163875	2.27338E+6	
0.176404	2.27532E+6	0.176404	2.27532E+6	
0.188932	2.27444E+6	0.188932	2.27444E+6	
0.201461	2.26989E+6	0.201461	2.26989E+6	
0.21399	2.27742E+6	0.21399	2.27742E+6	
0.226519	2.27665E+6	0.226519	2.27665E+6	
0.239048	2.26859E+6	0.239048	2.26859E+6	
0.251576	2.27462E+6	0.251576	2.27462E+6	
0.264105	2.2789E+6	0.264105	2.2789E+6	
0.276634	2.2786E+6	0.276634	2.2786E+6	
0.289163	2.27718E+6	0.289163	2.27718E+6	
0.301692	2.28581E+6	0.301692	2.28581E+6	
0.314221	2.2843E+6	0.314221	2.2843E+6	
0.326749	2.28489E+6	0.326749	2.28489E+6	
0.339278	2.28227E+6	0.339278	2.28227E+6	
0.351807	2.28094E+6	0.351807	2.28094E+6	
0.364336	2.28202E+6	0.364336	2.28202E+6	
0.376865	2.28846E+6	0.376865	2.28846E+6	
0.389393	2.28567E+6	0.389393	2.28567E+6	
0.401922	2.27994E+6	0.401922	2.27994E+6	
0.414451	2.27856E+6	0.414451	2.27856E+6	
0.42698	2.27936E+6	0.42698	2.27936E+6	
0.439509	2.27339E+6	0.439509	2.27339E+6	
0.452038	2.27669E+6	0.452038	2.27669E+6	
0.464566	2.2777E+6	0.464566	2.2777E+6	
0.477095	2.27519E+6	0.477095	2.27519E+6	
0.489624	2.27124E+6	0.489624	2.27124E+6	
0.502153	2.27155E+6	0.502153	2.27155E+6	
0.514682	2.27285E+6	0.514682	2.27285E+6	
0.527211	2.26538E+6	0.527211	2.26538E+6	
0.539739	2.27347E+6	0.539739	2.27347E+6	
0.552268	2.26929E+6	0.552268	2.26929E+6	
0.564797	2.26795E+6	0.564797	2.26795E+6	
0.577326	2.26569E+6	0.577326	2.26569E+6	
0.589855	2.2683E+6	0.589855	2.2683E+6	
0.602383	2.26702E+6	0.602383	2.26702E+6	
0.614912	2.27068E+6	0.614912	2.27068E+6	
0.627441	2.27393E+6	0.627441	2.27393E+6	
0.63997	2.27368E+6	0.63997	2.27368E+6	
0.652499	2.27238E+6	0.652499	2.27238E+6	
0.665028	2.27184E+6	0.665028	2.27184E+6	
0.677556	2.27428E+6	0.677556	2.27428E+6	
0.690085	2.28077E+6	0.690085	2.28077E+6	
0.702614	2.27287E+6	0.702614	2.27287E+6	
0.715143	2.27905E+6	0.715143	2.27905E+6	
0.727672	2.27418E+6	0.727672	2.27418E+6	
0.740201	2.27819E+6	0.740201	2.27819E+6	
0.752729	2.27463E+6	0.752729	2.27463E+6	
0.765258	2.27911E+6	0.765258	2.27911E+6	
0.777787	2.27818E+6	0.777787	2.27818E+6	
0.790316	2.28014E+6	0.790316	2.28014E+6	
0.802845	2.27453E+6	0.802845	2.27453E+6	
0.815373	2.26987E+6	0.815373	2.26987E+6	
0.827902	2.27692E+6	0.827902	2.27692E+6	
0.840431	2.27247E+6	0.840431	2.27247E+6	
0.85296	2.26528E+6	0.85296	2.26528E+6	
0.865489	2.26966E+6	0.865489	2.26966E+6	
0.878018	2.26369E+6	0.878018	2.26369E+6	
0.890546	2.26123E+6	0.890546	2.26123E+6	
0.903075	2.26391E+6	0.903075	2.26391E+6	
0.915604	2.26603E+6	0.915604	2.26603E+6	
0.928133	2.26478E+6	0.928133	2.26478E+6	
0.940662	2.27009E+6	0.940662	2.27009E+6	
0.95319	2.26453E+6	0.95319	2.26453E+6	
0.965719	2.26074E+6	0.965719	2.26074E+6	
0.978248	2.26796E+6	0.978248	2.26796E+6	
0.990777	2.26345E+6	0.990777	2.26345E+6	
1.00331	2.26672E+6	1.00331	2.26672E+6	
1.01583	2.2638E+6	1.01583	2.2638E+6	
1.02836	2.26409E+6	1.02836	2.26409E+6	
1.04089	2.26946E+6	1.04089	2.26946E+6	
1.05342	2.26848E+6	1.05342	2.26848E+6	
1.06595	2.27344E+6	1.06595	2.27344E+6	
1.07848	2.27219E+6	1.07848	2.27219E+6	
1.09101	2.27023E+6	1.09101	2.27023E+6	
1.10354	2.27177E+6	1.10354	2.27177E+6	
1.11607	2.27011E+6	1.11607	2.27011E+6	
1.12859	2.27313E+6	1.12859	2.27313E+6	
1.14112	2.27317E+6	1.14112	2.27317E+6	
1.15365	2.27378E+6	1.15365	2.27378E+6	
1.16618	2.27247E+6	1.16618	2.27247E+6	
1.17871	2.26825E+6	1.17871	2.26825E+6	
1.19124	2.26844E+6	1.19124	2.26844E+6	
1.20377	2.2697E+6	1.20377	2.2697E+6	
1.2163	2.26615E+6	1.2163	2.26615E+6	
1.22882	2.26902E+6	1.22882	2.26902E+6	
1.24135	2.26315E+6	1.24135	2.26315E+6	
1.25388	2.26598E+6	1.25388	2.26598E+6	
1.26641	2.2607E+6	1.26641	2.2607E+6	
1.27894	2.26254E+6	1.27894	2.26254E+6	
1.29147	2.26328E+6	1.29147	2.26328E+6	
1.304	2.26135E+6	1.304	2.26135E+6	
1.31653	2.259E+6	1.31653	2.259E+6	
1.32906	2.26234E+6	1.32906	2.26234E+6	
1.34158	2.26016E+6	1.34158	2.26016E+6	
1.35411	2.26025E+6	1.35411	2.26025E+6	
1.36664	2.26477E+6	1.36664	2.26477E+6	
1.37917	2.26685E+6	1.37917	2.26685E+6	
1.3917	2.26459E+6	1.3917	2.26459E+6	
1.40423	2.27027E+6	1.40423	2.27027E+6	
1.41676	2.26553E+6	1.41676	2.26553E+6	
1.42929	2.26409E+6	1.42929	2.26409E+6	
1.44181	2.27076E+6	1.44181	2.27076E+6	
1.45434	2.26634E+6	1.45434	2.26634E+6	
1.46687	2.26698E+6	1.46687	2.26698E+6	
1.4794	2.26949E+6	1.4794	2.26949E+6	
1.49193	2.2645E+6	1.49193	2.2645E+6	
1.50446	2.26622E+6	1.50446	2.26622E+6	
1.51699	2.26431E+6	1.51699	2.26431E+6	
1.52952	2.26868E+6	1.52952	2.26868E+6	
1.54205	2.26946E+6	1.54205	2.26946E+6	
1.55457	2.26758E+6	1.55457	2.26758E+6	
1.5671	2.26617E+6	1.5671	2.26617E+6	
1.57963	2.26177E+6	1.57963	2.26177E+6	
1.59216	2.26142E+6	1.59216	2.26142E+6	
1.60469	2.25731E+6	1.60469	2.25731E+6	
1.61722	2.26626E+6	1.61722	2.26626E+6	
1.62975	2.25983E+6	1.62975	2.25983E+6	
1.64228	2.264E+6	1.64228	2.264E+6	
1.6548	2.26315E+6	1.6548	2.26315E+6	
1.66733	2.25259E+6	1.66733	2.25259E+6	
1.67986	2.26072E+6	1.67986	2.26072E+6	
1.69239	2.25996E+6	1.69239	2.25996E+6	
1.70492	2.25898E+6	1.70492	2.25898E+6	
1.71745	2.26292E+6	1.71745	2.26292E+6	
1.72998	2.262E+6	1.72998	2.262E+6	
1.74251	2.25854E+6	1.74251	2.25854E+6	
1.75504	2.26002E+6	1.75504	2.26002E+6	
1.76756	2.26531E+6	1.76756	2.26531E+6	
1.78009	2.25775E+6	1.78009	2.25775E+6	
1.79262	2.26629E+6	1.79262	2.26629E+6	
1.80515	2.26177E+6	1.80515	2.26177E+6	
1.81768	2.26326E+6	1.81768	2.26326E+6	
1.83021	2.26746E+6	1.83021	2.26746E+6	
1.84274	2.26545E+6	1.84274	2.26545E+6	
1.85527	2.2685E+6	1.85527	2.2685E+6	
1.86779	2.26287E+6	1.86779	2.26287E+6	
1.88032	2.25857E+6	1.88032	2.25857E+6	
1.89285	2.26265E+6	1.89285	2.26265E+6	
1.90538	2.26444E+6	1.90538	2.26444E+6	
1.91791	2.2677E+6	1.91791	2.2677E+6	
1.93044	2.26655E+6	1.93044	2.26655E+6	
1.94297	2.26079E+6	1.94297	2.26079E+6	
1.9555	2.26161E+6	1.9555	2.26161E+6	
1.96803	2.26432E+6	1.96803	2.26432E+6	
1.98055	2.26635E+6	1.98055	2.26635E+6	
1.99308	2.25621E+6	1.99308	2.25621E+6	
2.00561	2.26256E+6	2.00561	2.26256E+6	
2.01814	2.26105E+6	2.01814	2.26105E+6	
2.03067	2.25638E+6	2.03067	2.25638E+6	
2.0432	2.26234E+6	2.0432	2.26234E+6	
2.05573	2.25937E+6	2.05573	2.25937E+6	
2.06826	2.25845E+6	2.06826	2.25845E+6	
2.08078	2.25765E+6	2.08078	2.25765E+6	
2.09331	2.26232E+6	2.09331	2.26232E+6	
2.10584	2.26137E+6	2.10584	2.26137E+6	
2.11837	2.26033E+6	2.11837	2.26033E+6	
2.1309	2.25951E+6	2.1309	2.25951E+6	
2.14343	2.26016E+6	2.14343	2.26016E+6	
2.15596	2.26188E+6	2.15596	2.26188E+6	
2.16849	2.26756E+6	2.16849	2.26756E+6	
2.18102	2.26021E+6	2.18102	2.26021E+6	
2.19354	2.26493E+6	2.19354	2.26493E+6	
2.20607	2.26054E+6	2.20607	2.26054E+6	
2.2186	2.2686E+6	2.2186	2.2686E+6	
2.23113	2.26459E+6	2.23113	2.26459E+6	
2.24366	2.2646E+6	2.24366	2.2646E+6	
2.25619	2.26975E+6	2.25619	2.26975E+6	
2.26872	2.25569E+6	2.26872	2.25569E+6	
2.28125	2.26098E+6	2.28125	2.26098E+6	
2.29377	2.26184E+6	2.29377	2.26184E+6	
2.3063	2.26148E+6	2.3063	2.26148E+6	
2.31883	2.26146E+6	2.31883	2.26146E+6	
2.33136	2.25725E+6	2.33136	2.25725E+6	
2.34389	2.25796E+6	2.34389	2.25796E+6	
2.35642	2.25831E+6	2.35642	2.25831E+6	
2.36895	2.26403E+6	2.36895	2.26403E+6	
2.38148	2.25997E+6	2.38148	2.25997E+6	
2.39401	2.25944E+6	2.39401	2.25944E+6	
2.40653	2.25645E+6	2.40653	2.25645E+6	
2.41906	2.26043E+6	2.41906	2.26043E+6	
2.43159	2.26665E+6	2.43159	2.26665E+6	
2.44412	2.2652E+6	2.44412	2.2652E+6	
2.45665	2.2602E+6	2.45665	2.2602E+6	
2.46918	2.26114E+6	2.46918	2.26114E+6	
2.48171	2.25813E+6	2.48171	2.25813E+6	
2.49424	2.26063E+6	2.49424	2.26063E+6	
2.50676	2.25978E+6	2.50676	2.25978E+6	
2.51929	2.25808E+6	2.51929	2.25808E+6	
2.53182	2.25683E+6	2.53182	2.25683E+6	
2.54435	2.26325E+6	2.54435	2.26325E+6	
2.55688	2.25547E+6	2.55688	2.25547E+6	
2.56941	2.2592E+6	2.56941	2.2592E+6	
2.58194	2.26041E+6	2.58194	2.26041E+6	
2.59447	2.26791E+6	2.59447	2.26791E+6	
2.60699	2.26499E+6	2.60699	2.26499E+6	
2.61952	2.25726E+6	2.61952	2.25726E+6	
2.63205	2.26383E+6	2.63205	2.26383E+6	
2.64458	2.25882E+6	2.64458	2.25882E+6	
2.65711	2.26119E+6	2.65711	2.26119E+6	
2.66964	2.25866E+6	2.66964	2.25866E+6	
2.68217	2.25966E+6	2.68217	2.25966E+6	
2.6947	2.25789E+6	2.6947	2.25789E+6	
2.70723	2.25951E+6	2.70723	2.25951E+6	
2.71975	2.25658E+6	2.71975	2.25658E+6	
2.73228	2.25493E+6	2.73228	2.25493E+6	
2.74481	2.26009E+6	2.74481	2.26009E+6	
2.75734	2.26019E+6	2.75734	2.26019E+6	
2.76987	2.25642E+6	2.76987	2.25642E+6	
2.7824	2.25851E+6	2.7824	2.25851E+6	
2.79493	2.26375E+6	2.79493	2.26375E+6	
2.80746	2.26179E+6	2.80746	2.26179E+6	
2.81998	2.25761E+6	2.81998	2.25761E+6	
2.83251	2.2587E+6	2.83251	2.2587E+6	
2.84504	2.26168E+6	2.84504	2.26168E+6	
2.85757	2.25933E+6	2.85757	2.25933E+6	
2.8701	2.25962E+6	2.8701	2.25962E+6	
2.88263	2.26311E+6	2.88263	2.26311E+6	
2.89516	2.26334E+6	2.89516	2.26334E+6	
2.90769	2.26154E+6	2.90769	2.26154E+6	
2.92022	2.26319E+6	2.92022	2.26319E+6	
2.93274	2.2649E+6	2.93274	2.2649E+6	
2.94527	2.25848E+6	2.94527	2.25848E+6	
2.9578	2.25626E+6	2.9578	2.25626E+6	
2.97033	2.26172E+6	2.97033	2.26172E+6	
2.98286	2.26023E+6	2.98286	2.26023E+6	
2.99539	2.25493E+6	2.99539	2.25493E+6	
3.00792	2.26382E+6	3.00792	2.26382E+6	
3.02045	2.26362E+6	3.02045	2.26362E+6	
3.03297	2.25971E+6	3.03297	2.25971E+6	
3.0455	2.26439E+6	3.0455	2.26439E+6	
3.05803	2.25754E+6	3.05803	2.25754E+6	
3.07056	2.2541E+6	3.07056	2.2541E+6	
3.08309	2.25622E+6	3.08309	2.25622E+6	
3.09562	2.25679E+6	3.09562	2.25679E+6	
3.10815	2.25755E+6	3.10815	2.25755E+6	
3.12068	2.26174E+6	3.12068	2.26174E+6	
3.13321	2.26138E+6	3.13321	2.26138E+6	
3.14573	2.25832E+6	3.14573	2.25832E+6	
3.15826	2.25879E+6	3.15826	2.25879E+6	
3.17079	2.26249E+6	3.17079	2.26249E+6	
3.18332	2.25673E+6	3.18332	2.25673E+6	
3.19585	2.25955E+6	3.19585	2.25955E+6	
3.20838	2.26207E+6	3.20838	2.26207E+6	
3.22091	2.25738E+6	3.22091	2.25738E+6	
3.23344	2.25666E+6	3.23344	2.25666E+6	
3.24596	2.2573E+6	3.24596	2.2573E+6	
3.25849	2.26636E+6	3.25849	2.26636E+6	
3.27102	2.25908E+6	3.27102	2.25908E+6	
3.28355	2.25715E+6	3.28355	2.25715E+6	
3.29608	2.26034E+6	3.29608	2.26034E+6	
3.30861	2.26063E+6	3.30861	2.26063E+6	
3.32114	2.25959E+6	3.32114	2.25959E+6	
3.33367	2.26146E+6	3.33367	2.26146E+6	
3.3462	2.26284E+6	3.3462	2.26284E+6	
3.35872	2.25695E+6	3.35872	2.25695E+6	
3.37125	2.26022E+6	3.37125	2.26022E+6	
3.38378	2.26205E+6	3.38378	2.26205E+6	
3.39631	2.2657E+6	3.39631	2.2657E+6	
3.40884	2.25852E+6	3.40884	2.25852E+6	
3.42137	2.26384E+6	3.42137	2.26384E+6	
3.4339	2.2583E+6	3.4339	2.2583E+6	
3.44643	2.2564E+6	3.44643	2.2564E+6	
3.45895	2.25378E+6	3.45895	2.25378E+6	
3.47148	2.25787E+6	3.47148	2.25787E+6	
3.48401	2.26101E+6	3.48401	2.26101E+6	
3.49654	2.26062E+6	3.49654	2.26062E+6	
3.50907	2.25294E+6	3.50907	2.25294E+6	
3.5216	2.26306E+6	3.5216	2.26306E+6	
3.53413	2.24957E+6	3.53413	2.24957E+6	
3.54666	2.25961E+6	3.54666	2.25961E+6	
3.55919	2.25396E+6	3.55919	2.25396E+6	
3.57171	2.25069E+6	3.57171	2.25069E+6	
3.58424	2.25876E+6	3.58424	2.25876E+6	
3.59677	2.25742E+6	3.59677	2.25742E+6	
3.6093	2.25663E+6	3.6093	2.25663E+6	
3.62183	2.25909E+6	3.62183	2.25909E+6	
3.63436	2.26008E+6	3.63436	2.26008E+6	
3.64689	2.25847E+6	3.64689	2.25847E+6	
3.65942	2.26099E+6	3.65942	2.26099E+6	
3.67194	2.26312E+6	3.67194	2.26312E+6	
3.68447	2.25581E+6	3.68447	2.25581E+6	
3.697	2.25997E+6	3.697	2.25997E+6	
3.70953	2.25375E+6	3.70953	2.25375E+6	
3.72206	2.26162E+6	3.72206	2.26162E+6	
3.73459	2.26058E+6	3.73459	2.26058E+6	
3.74712	2.26083E+6	3.74712	2.26083E+6	
3.75965	2.26322E+6	3.75965	2.26322E+6	
3.77218	2.26054E+6	3.77218	2.26054E+6	
3.7847	2.2581E+6	3.7847	2.2581E+6	
3.79723	2.25207E+6	3.79723	2.25207E+6	
3.80976	2.26055E+6	3.80976	2.26055E+6	
3.82229	2.25752E+6	3.82229	2.25752E+6	
3.83482	2.25988E+6	3.83482	2.25988E+6	
3.84735	2.25838E+6	3.84735	2.25838E+6	
3.85988	2.26239E+6	3.85988	2.26239E+6	
3.87241	2.25421E+6	3.87241	2.25421E+6	
3.88493	2.25814E+6	3.88493	2.25814E+6	
3.89746	2.26053E+6	3.89746	2.26053E+6	
3.90999	2.24953E+6	3.90999	2.24953E+6	
3.92252	2.25347E+6	3.92252	2.25347E+6	
3.93505	2.25586E+6	3.93505	2.25586E+6	
3.94758	2.26E+6	3.94758	2.26E+6	
3.96011	2.25693E+6	3.96011	2.25693E+6	
3.97264	2.2616E+6	3.97264	2.2616E+6	
3.98517	2.25535E+6	3.98517	2.25535E+6	
3.99769	2.25968E+6	3.99769	2.25968E+6	
4.01022	2.26008E+6	4.01022	2.26008E+6	
4.02275	2.25626E+6	4.02275	2.25626E+6	
4.03528	2.26318E+6	4.03528	2.26318E+6	
4.04781	2.25713E+6	4.04781	2.25713E+6	
4.06034	2.26272E+6	4.06034	2.26272E+6	
4.07287	2.25832E+6	4.07287	2.25832E+6	
4.0854	2.26028E+6	4.0854	2.26028E+6	
4.09792	2.2545E+6	4.09792	2.2545E+6	
4.11045	2.25526E+6	4.11045	2.25526E+6	
4.12298	2.26144E+6	4.12298	2.26144E+6	
4.13551	2.26031E+6	4.13551	2.26031E+6	
4.14804	2.25744E+6	4.14804	2.25744E+6	
4.16057	2.25512E+6	4.16057	2.25512E+6	
4.1731	2.25832E+6	4.1731	2.25832E+6	
4.18563	2.25779E+6	4.18563	2.25779E+6	
4.19816	2.24965E+6	4.19816	2.24965E+6	
4.21068	2.25565E+6	4.21068	2.25565E+6	
4.22321	2.25715E+6	4.22321	2.25715E+6	
4.23574	2.25548E+6	4.23574	2.25548E+6	
4.24827	2.25359E+6	4.24827	2.25359E+6	
4.2608	2.2578E+6	4.2608	2.2578E+6	
4.27333	2.25628E+6	4.27333	2.25628E+6	
4.28586	2.25256E+6	4.28586	2.25256E+6	
4.29839	2.25589E+6	4.29839	2.25589E+6	
4.31091	2.26146E+6	4.31091	2.26146E+6	
4.32344	2.25775E+6	4.32344	2.25775E+6	
4.33597	2.25941E+6	4.33597	2.25941E+6	
4.3485	2.25573E+6	4.3485	2.25573E+6	
4.36103	2.26211E+6	4.36103	2.26211E+6	
4.37356	2.25646E+6	4.37356	2.25646E+6	
4.38609	2.26072E+6	4.38609	2.26072E+6	
4.39862	2.26392E+6	4.39862	2.26392E+6	
4.41115	2.25623E+6	4.41115	2.25623E+6	
4.42367	2.25228E+6	4.42367	2.25228E+6	
4.4362	2.25418E+6	4.4362	2.25418E+6	
4.44873	2.2593E+6	4.44873	2.2593E+6	
4.46126	2.26121E+6	4.46126	2.26121E+6	
4.47379	2.25845E+6	4.47379	2.25845E+6	
4.48632	2.25737E+6	4.48632	2.25737E+6	
4.49885	2.25816E+6	4.49885	2.25816E+6	
4.51138	2.25861E+6	4.51138	2.25861E+6	
4.5239	2.253E+6	4.5239	2.253E+6	
4.53643	2.25386E+6	4.53643	2.25386E+6	
4.54896	2.25555E+6	4.54896	2.25555E+6	
4.56149	2.25598E+6	4.56149	2.25598E+6	
4.57402	2.25762E+6	4.57402	2.25762E+6	
4.58655	2.25566E+6	4.58655	2.25566E+6	
4.59908	2.2561E+6	4.59908	2.2561E+6	
4.61161	2.25753E+6	4.61161	2.25753E+6	
4.62414	2.25921E+6	4.62414	2.25921E+6	
4.63666	2.25266E+6	4.63666	2.25266E+6	
4.64919	2.25817E+6	4.64919	2.25817E+6	
4.66172	2.25772E+6	4.66172	2.25772E+6	
4.67425	2.25398E+6	4.67425	2.25398E+6	
4.68678	2.25301E+6	4.68678	2.25301E+6	
4.69931	2.26064E+6	4.69931	2.26064E+6	
4.71184	2.25703E+6	4.71184	2.25703E+6	
4.72437	2.25642E+6	4.72437	2.25642E+6	
4.73689	2.25696E+6	4.73689	2.25696E+6	
4.74942	2.25841E+6	4.74942	2.25841E+6	
4.76195	2.26359E+6	4.76195	2.26359E+6	
4.77448	2.25492E+6	4.77448	2.25492E+6	
4.78701	2.25565E+6	4.78701	2.25565E+6	
4.79954	2.25823E+6	4.79954	2.25823E+6	
4.81207	2.26002E+6	4.81207	2.26002E+6	
4.8246	2.25933E+6	4.8246	2.25933E+6	
4.83713	2.25664E+6	4.83713	2.25664E+6	
4.84965	2.25749E+6	4.84965	2.25749E+6	
4.86218	2.26015E+6	4.86218	2.26015E+6	
4.87471	2.25335E+6	4.87471	2.25335E+6	
4.88724	2.25596E+6	4.88724	2.25596E+6	
4.89977	2.2602E+6	4.89977	2.2602E+6	
4.9123	2.25848E+6	4.9123	2.25848E+6	
4.92483	2.25808E+6	4.92483	2.25808E+6	
4.93736	2.25076E+6	4.93736	2.25076E+6	
4.94988	2.24944E+6	4.94988	2.24944E+6	
4.96241	2.2523E+6	4.96241	2.2523E+6	
4.97494	2.25764E+6	4.97494	2.25764E+6	
4.98747	2.25846E+6	4.98747	2.25846E+6	
5	2.25807E+6	5	2.25807E+6	
