1.680000000000000160e+00 9.984367738986434926e-01
1.687900000000000178e+00 9.984574631321517790e-01
1.695800000000000196e+00 9.984645855473183174e-01
1.703700000000000214e+00 9.984477359314555267e-01
1.711600000000000232e+00 9.984749917071205072e-01
1.719500000000000250e+00 9.984080838823430337e-01
1.727400000000000269e+00 9.984949394361730679e-01
1.735300000000000287e+00 9.984348291994765701e-01
1.743200000000000305e+00 9.984539761678127290e-01
1.751100000000000323e+00 9.984614619072567088e-01
1.759000000000000341e+00 9.984823895633334612e-01
1.766900000000000359e+00 9.984132401159234727e-01
1.774800000000000155e+00 9.984680732179933571e-01
1.782700000000000173e+00 9.984707761510012158e-01
1.790600000000000191e+00 9.984662406332467377e-01
1.798500000000000210e+00 9.984545321694342501e-01
1.806400000000000228e+00 9.984824062227142250e-01
1.814300000000000246e+00 9.985358924229630340e-01
1.822200000000000264e+00 9.984830046425134942e-01
1.830100000000000282e+00 9.985318663240796422e-01
1.838000000000000300e+00 9.985024083803444306e-01
1.845900000000000318e+00 9.985117194541657248e-01
1.853800000000000336e+00 9.985563840652640355e-01
1.861700000000000355e+00 9.985582877613178310e-01
1.869600000000000151e+00 9.985595460964045156e-01
1.877500000000000169e+00 9.985227800439465673e-01
1.885400000000000187e+00 9.985723208762109504e-01
1.893300000000000205e+00 9.985503606127580367e-01
1.901200000000000223e+00 9.985813256250352099e-01
1.909100000000000241e+00 9.985398663528461949e-01
1.917000000000000259e+00 9.985783602342001020e-01
1.924900000000000277e+00 9.985707106304743119e-01
1.932800000000000296e+00 9.986164791360057080e-01
1.940700000000000314e+00 9.985510412831909433e-01
1.948600000000000332e+00 9.985731863961110344e-01
1.956500000000000350e+00 9.986152679256133924e-01
1.964400000000000368e+00 9.985765796889545243e-01
1.972300000000000164e+00 9.986061944549297076e-01
1.980200000000000182e+00 9.985749454057071262e-01
1.988100000000000200e+00 9.986161598281108054e-01
1.996000000000000218e+00 9.986222664601088761e-01
2.003900000000000237e+00 9.986630138527899936e-01
2.011800000000000033e+00 9.985731687119590028e-01
2.019700000000000273e+00 9.985789673939831079e-01
2.027600000000000069e+00 9.986803297240348654e-01
2.035500000000000309e+00 9.986244406295119447e-01
2.043400000000000105e+00 9.986099789293606532e-01
2.051300000000000345e+00 9.986046144738461861e-01
2.059200000000000141e+00 9.985850077066160679e-01
2.067100000000000382e+00 9.986596053311642684e-01
2.075000000000000178e+00 9.986541289882028272e-01
2.082899999999999974e+00 9.986497485990776246e-01
2.090800000000000214e+00 9.986612036508015766e-01
2.098700000000000010e+00 9.986555280614887176e-01
2.106600000000000250e+00 9.986738279279034902e-01
2.114500000000000490e+00 9.986265675972102462e-01
2.122400000000000286e+00 9.986570655811932706e-01
2.130300000000000082e+00 9.986807073019685621e-01
2.138200000000000323e+00 9.987033779416440993e-01
2.146100000000000119e+00 9.986554017026935126e-01
2.154000000000000359e+00 9.987207858376340175e-01
2.161900000000000155e+00 9.986312080285835169e-01
2.169800000000000395e+00 9.986850869809715814e-01
2.177700000000000191e+00 9.986873194563422595e-01
2.185600000000000431e+00 9.987051705583577244e-01
2.193500000000000227e+00 9.986750022665120685e-01
2.201400000000000468e+00 9.987044810566433339e-01
2.209300000000000264e+00 9.987075094285193799e-01
2.217200000000000504e+00 9.987417646822310813e-01
2.225100000000000300e+00 9.986607827895104261e-01
2.233000000000000096e+00 9.987587374737763035e-01
2.240900000000000336e+00 9.986939531785250512e-01
2.248800000000000132e+00 9.986799217169773923e-01
2.256700000000000372e+00 9.987317472478697278e-01
2.264600000000000168e+00 9.987071639450241234e-01
2.272500000000000409e+00 9.987358644030751575e-01
2.280400000000000205e+00 9.987678797177602652e-01
2.288300000000000445e+00 9.987165893406012573e-01
2.296200000000000241e+00 9.987626682817793977e-01
2.304100000000000481e+00 9.987125490569435105e-01
2.312000000000000277e+00 9.987254381727186381e-01
2.319900000000000517e+00 9.987592349736084119e-01
2.327800000000000313e+00 9.986958073516797318e-01
2.335700000000000109e+00 9.987955650673211450e-01
2.343600000000000350e+00 9.987213569259764112e-01
2.351500000000000146e+00 9.987610443874666011e-01
2.359400000000000386e+00 9.987883721077215338e-01
2.367300000000000182e+00 9.987152007436193024e-01
2.375200000000000422e+00 9.988051193637335068e-01
2.383100000000000218e+00 9.987413398450526447e-01
2.391000000000000458e+00 9.987393913430517856e-01
2.398900000000000254e+00 9.988199323714647138e-01
2.406800000000000495e+00 9.987012734027720384e-01
2.414700000000000291e+00 9.988338494117968702e-01
2.422600000000000531e+00 9.987376418082296592e-01
2.430500000000000327e+00 9.987975417521546273e-01
2.438400000000000123e+00 9.987500901916929186e-01
2.446300000000000363e+00 9.987881897990577018e-01
2.454200000000000159e+00 9.987945714871284686e-01
2.462100000000000399e+00 9.987840453983125588e-01
2.470000000000000195e+00 9.988475537322121234e-01
2.477900000000000436e+00 9.987762917273056429e-01
2.485800000000000232e+00 9.988094821781074995e-01
2.493700000000000472e+00 9.987958474645577400e-01
2.501600000000000268e+00 9.988075839728993710e-01
2.509500000000000508e+00 9.988302289688438806e-01
2.517400000000000304e+00 9.987893432681227424e-01
2.525300000000000544e+00 9.987932525112027671e-01
2.533200000000000340e+00 9.988251647036459069e-01
2.541100000000000136e+00 9.988191804273062191e-01
2.549000000000000377e+00 9.987738662398298883e-01
2.556900000000000173e+00 9.988045026117293723e-01
2.564800000000000413e+00 9.988189668932153653e-01
2.572700000000000209e+00 9.987848717103601226e-01
2.580600000000000449e+00 9.988049633710273101e-01
2.588500000000000245e+00 9.988601573080496676e-01
2.596400000000000485e+00 9.988119499054319839e-01
2.604300000000000281e+00 9.987417990258354861e-01
2.612200000000000522e+00 9.987874930124360784e-01
2.620100000000000318e+00 9.986998438387776345e-01
2.628000000000000558e+00 9.987046929607716894e-01
2.635900000000000354e+00 9.987415005833852888e-01
2.643800000000000150e+00 9.987934556716570045e-01
2.651700000000000390e+00 9.987938348139736577e-01
2.659600000000000186e+00 9.988021980518664300e-01
2.667500000000000426e+00 9.988328559781322058e-01
2.675400000000000222e+00 9.988367020083014358e-01
2.683300000000000463e+00 9.987978095931403510e-01
2.691200000000000259e+00 9.987852884440947543e-01
2.699100000000000499e+00 9.988452779367242851e-01
2.707000000000000295e+00 9.988252462554432221e-01
2.714900000000000535e+00 9.988477753006618221e-01
2.722800000000000331e+00 9.988552081312846997e-01
2.730700000000000127e+00 9.988332862008716395e-01
2.738600000000000367e+00 9.988962234391668416e-01
2.746500000000000163e+00 9.987996118404588453e-01
2.754400000000000404e+00 9.989137193340423826e-01
2.762300000000000200e+00 9.987867131245108387e-01
2.770200000000000440e+00 9.988723161206330969e-01
2.778100000000000236e+00 9.988328695612630481e-01
2.786000000000000476e+00 9.988634122367040513e-01
2.793900000000000272e+00 9.988300617736167730e-01
2.801800000000000512e+00 9.988164790812907867e-01
2.809700000000000308e+00 9.987626826052687923e-01
2.817600000000000549e+00 9.987970001589460134e-01
2.825500000000000345e+00 9.988461074267758200e-01
2.833400000000000141e+00 9.987707713923211772e-01
2.841300000000000381e+00 9.987651615705738228e-01
2.849200000000000177e+00 9.987719689495214714e-01
2.857100000000000417e+00 9.987003173587754024e-01
2.865000000000000213e+00 9.986754805946324032e-01
2.872900000000000453e+00 9.986675597096454915e-01
2.880800000000000249e+00 9.985960690609940738e-01
2.888700000000000490e+00 9.984799944555908802e-01
2.896600000000000286e+00 9.983644303933074671e-01
2.904500000000000526e+00 9.981208193895265701e-01
2.912400000000000322e+00 9.977698017793109608e-01
2.920300000000000562e+00 9.971477573852194354e-01
2.928200000000000358e+00 9.965160042514066285e-01
2.936100000000000154e+00 9.965074626939069979e-01
2.944000000000000394e+00 9.969942120355003157e-01
2.951900000000000190e+00 9.974570316459927533e-01
2.959800000000000431e+00 9.978659677595700384e-01
2.967700000000000227e+00 9.981016539761414785e-01
2.975600000000000467e+00 9.983132969890743391e-01
2.983500000000000263e+00 9.984176972455797161e-01
2.991400000000000503e+00 9.985029563536824693e-01
2.999300000000000299e+00 9.986088396909317266e-01
3.007200000000000539e+00 9.986808568820628729e-01
3.015100000000000335e+00 9.987295346016697994e-01
3.023000000000000576e+00 9.987555152813856196e-01
3.030900000000000372e+00 9.988012853573108307e-01
3.038800000000000168e+00 9.988308776505397946e-01
3.046700000000000408e+00 9.988136345099668523e-01
3.054600000000000204e+00 9.989195491512787850e-01
3.062500000000000444e+00 9.988273700621553841e-01
3.070400000000000240e+00 9.988744822983582905e-01
3.078300000000000480e+00 9.989302257533662077e-01
3.086200000000000276e+00 9.989560690031823453e-01
3.094100000000000517e+00 9.989324326822931477e-01
3.102000000000000313e+00 9.989483520980886322e-01
3.109900000000000553e+00 9.989632041157947562e-01
3.117800000000000349e+00 9.989804186129366270e-01
3.125700000000000589e+00 9.990045794434522231e-01
3.133600000000000385e+00 9.989706683376415874e-01
3.141500000000000181e+00 9.989895904620215150e-01
3.149400000000000421e+00 9.989668926578512131e-01
3.157300000000000217e+00 9.990216041573622974e-01
3.165200000000000458e+00 9.990200595144343998e-01
3.173100000000000254e+00 9.990124603440621032e-01
3.181000000000000494e+00 9.990435365652224897e-01
3.188900000000000290e+00 9.989970592758410373e-01
3.196800000000000530e+00 9.990372563091818314e-01
3.204700000000000326e+00 9.990406504063018556e-01
3.212600000000000566e+00 9.990845541848902833e-01
3.220500000000000362e+00 9.990423150636026373e-01
3.228400000000000603e+00 9.991264381071819356e-01
3.236300000000000399e+00 9.990351917640162283e-01
3.244200000000000195e+00 9.990716849157534885e-01
3.252100000000000435e+00 9.990305802082329878e-01
3.260000000000000231e+00 9.990895241449533337e-01
3.267900000000000471e+00 9.990617963755582531e-01
3.275800000000000267e+00 9.991109844075644064e-01
3.283700000000000507e+00 9.990918318932742181e-01
3.291600000000000303e+00 9.990985168055315224e-01
3.299500000000000544e+00 9.990912318741652642e-01
3.307400000000000340e+00 9.991107781027334100e-01
3.315300000000000580e+00 9.990929261613042955e-01
3.323200000000000376e+00 9.991167086915514473e-01
3.331100000000000616e+00 9.990935629749481128e-01
3.339000000000000412e+00 9.991412927257453669e-01
3.346900000000000208e+00 9.991049610504406653e-01
3.354800000000000448e+00 9.991551330495576089e-01
3.362700000000000244e+00 9.991185452655610977e-01
3.370600000000000485e+00 9.991356316760707790e-01
3.378500000000000281e+00 9.991157880251262391e-01
3.386400000000000521e+00 9.991511685813423416e-01
3.394300000000000317e+00 9.991518492883157965e-01
3.402200000000000557e+00 9.991105684792666031e-01
3.410100000000000353e+00 9.991516237635941211e-01
3.418000000000000593e+00 9.991615132681848088e-01
3.425900000000000389e+00 9.991689644769788936e-01
3.433800000000000630e+00 9.991692141341791400e-01
3.441700000000000426e+00 9.991630547059671130e-01
3.449600000000000222e+00 9.991529907583930337e-01
3.457500000000000462e+00 9.991721778610508364e-01
3.465400000000000258e+00 9.991741127613932294e-01
3.473300000000000498e+00 9.991766604590277545e-01
3.481200000000000294e+00 9.991813417204435943e-01
3.489100000000000534e+00 9.991658208676751363e-01
3.497000000000000330e+00 9.991843990705879808e-01
3.504900000000000571e+00 9.991904816591913319e-01
3.512800000000000367e+00 9.991606620931151594e-01
3.520700000000000607e+00 9.991309569470407936e-01
3.528600000000000403e+00 9.992196076946149308e-01
3.536500000000000643e+00 9.992087918425754944e-01
3.544400000000000439e+00 9.992043690890097807e-01
3.552300000000000235e+00 9.991753421692760595e-01
3.560200000000000475e+00 9.991765509916318289e-01
3.568100000000000271e+00 9.992200219803925032e-01
3.576000000000000512e+00 9.992104612370014127e-01
3.583900000000000308e+00 9.991862732237400957e-01
3.591800000000000548e+00 9.991893521642098985e-01
3.599700000000000344e+00 9.992183813802016923e-01
3.607600000000000584e+00 9.992559649290144730e-01
3.615500000000000380e+00 9.992131146744078762e-01
3.623400000000000620e+00 9.992082735747026545e-01
3.631300000000000416e+00 9.992230361772858060e-01
3.639200000000000212e+00 9.992287188010311461e-01
3.647100000000000453e+00 9.992214034887353380e-01
3.655000000000000249e+00 9.992512789874892221e-01
3.662900000000000489e+00 9.992281156395607100e-01
3.670800000000000285e+00 9.991918558494441438e-01
3.678700000000000525e+00 9.992415431631606060e-01
3.686600000000000321e+00 9.992120139404234713e-01
3.694500000000000561e+00 9.992644945997235517e-01
3.702400000000000357e+00 9.992370995752688501e-01
3.710300000000000598e+00 9.992524716098245552e-01
3.718200000000000394e+00 9.992315546004859605e-01
3.726100000000000634e+00 9.992635537476259877e-01
3.734000000000000430e+00 9.992715290547736773e-01
3.741900000000000226e+00 9.992123362775496842e-01
3.749800000000000466e+00 9.992359085110055217e-01
3.757700000000000262e+00 9.992612012390330589e-01
3.765600000000000502e+00 9.992785107684512003e-01
3.773500000000000298e+00 9.992292730695035985e-01
3.781400000000000539e+00 9.992799275030606054e-01
3.789300000000000335e+00 9.992089974879770908e-01
3.797200000000000575e+00 9.992949604731543589e-01
3.805100000000000371e+00 9.992697580679754665e-01
3.813000000000000611e+00 9.992698124446908192e-01
3.820900000000000407e+00 9.992276893031064589e-01
3.828800000000000647e+00 9.992799738275930377e-01
3.836700000000000443e+00 9.992810176857304105e-01
3.844600000000000239e+00 9.992793851724681709e-01
3.852500000000000480e+00 9.992241240576201777e-01
3.860400000000000276e+00 9.992558608984433155e-01
3.868300000000000516e+00 9.992681222906012461e-01
3.876200000000000312e+00 9.992965059281648799e-01
3.884100000000000552e+00 9.992830526629822296e-01
3.892000000000000348e+00 9.993037780767332068e-01
3.899900000000000588e+00 9.992578903544607760e-01
3.907800000000000384e+00 9.993006093727245798e-01
3.915700000000000625e+00 9.992989528883641226e-01
3.923600000000000421e+00 9.992915151439591970e-01
3.931500000000000661e+00 9.992944860588661715e-01
3.939400000000000457e+00 9.993102501928697867e-01
3.947300000000000253e+00 9.993407535920881823e-01
3.955200000000000493e+00 9.992891249798645514e-01
3.963100000000000289e+00 9.992435741339275035e-01
3.971000000000000529e+00 9.993289412406740624e-01
3.978900000000000325e+00 9.993170223433284205e-01
3.986800000000000566e+00 9.993173198578634286e-01
3.994700000000000362e+00 9.993056250291592058e-01
4.002600000000000158e+00 9.993383610874263523e-01
4.010500000000000398e+00 9.992604654070944559e-01
4.018400000000000638e+00 9.993611436403846415e-01
4.026299999999999990e+00 9.992999463487893808e-01
4.034200000000000230e+00 9.992968355084337340e-01
4.042100000000000470e+00 9.993488080843070387e-01
4.049999999999999822e+00 9.993390810475103470e-01
4.057900000000000063e+00 9.993166470792939071e-01
4.065800000000000303e+00 9.993326600610030752e-01
4.073700000000000543e+00 9.993192852484381605e-01
4.081599999999999895e+00 9.993496144089228927e-01
4.089500000000000135e+00 9.993844871006722919e-01
4.097400000000000375e+00 9.993282476067455455e-01
4.105299999999999727e+00 9.993534556563753446e-01
4.113199999999999967e+00 9.993239176197642459e-01
4.121100000000000207e+00 9.994094734414995518e-01
4.129000000000000448e+00 9.993321176516023474e-01
4.136899999999999800e+00 9.993899489111709444e-01
4.144800000000000040e+00 9.993527533100948768e-01
4.152700000000000280e+00 9.993594485913104286e-01
4.160599999999999632e+00 9.993652801149210951e-01
4.168499999999999872e+00 9.993821664594079168e-01
4.176400000000000112e+00 9.993685541957667562e-01
4.184300000000000352e+00 9.993579991954896213e-01
4.192199999999999704e+00 9.993894969507821635e-01
4.200099999999999945e+00 9.993782036594656137e-01
4.208000000000000185e+00 9.993875420102815710e-01
4.215900000000000425e+00 9.993737136715300506e-01
4.223799999999999777e+00 9.993636978730598974e-01
4.231700000000000017e+00 9.993470042449135171e-01
4.239600000000000257e+00 9.994200708426506097e-01
4.247499999999999609e+00 9.993738377074132817e-01
4.255399999999999849e+00 9.993878891135742348e-01
4.263300000000000090e+00 9.993726809844624137e-01
4.271200000000000330e+00 9.993568792714154769e-01
4.279099999999999682e+00 9.994078232212791901e-01
4.286999999999999922e+00 9.993310201516670821e-01
4.294900000000000162e+00 9.994580209443045815e-01
4.302800000000000402e+00 9.993767780995616024e-01
4.310699999999999754e+00 9.993593150823947280e-01
4.318599999999999994e+00 9.993874339807506946e-01
4.326500000000000234e+00 9.994045162626575829e-01
4.334400000000000475e+00 9.993939637171154189e-01
4.342299999999999827e+00 9.994166567258281342e-01
4.350200000000000067e+00 9.994155272738792783e-01
4.358100000000000307e+00 9.994103845973548728e-01
4.365999999999999659e+00 9.994067873083011255e-01
4.373899999999999899e+00 9.994319585384046079e-01
4.381800000000000139e+00 9.994066097304323826e-01
4.389700000000000379e+00 9.994111836527653780e-01
4.397599999999999731e+00 9.994204955890220177e-01
4.405499999999999972e+00 9.994096334292829065e-01
4.413400000000000212e+00 9.994542100353518421e-01
4.421300000000000452e+00 9.994013678534345857e-01
4.429199999999999804e+00 9.994338030869190925e-01
4.437100000000000044e+00 9.993943005115011324e-01
4.445000000000000284e+00 9.994314313868805089e-01
4.452899999999999636e+00 9.994271165968579007e-01
4.460799999999999876e+00 9.993722970194954813e-01
4.468700000000000117e+00 9.994706076104505899e-01
4.476600000000000357e+00 9.993714242352262911e-01
4.484499999999999709e+00 9.994476114899564223e-01
4.492399999999999949e+00 9.994113756269600302e-01
4.500300000000000189e+00 9.994906761306404652e-01
4.508200000000000429e+00 9.994077232422783341e-01
4.516099999999999781e+00 9.994599957825781589e-01
4.524000000000000021e+00 9.994149768834591496e-01
4.531900000000000261e+00 9.994733368829471498e-01
4.539800000000000502e+00 9.993996095292512205e-01
4.547699999999999854e+00 9.994559538739199445e-01
4.555600000000000094e+00 9.994162295930781870e-01
4.563500000000000334e+00 9.994470355035773856e-01
4.571399999999999686e+00 9.994231505599733278e-01
4.579299999999999926e+00 9.994451291935972925e-01
4.587200000000000166e+00 9.993675655130259683e-01
4.595100000000000406e+00 9.994772613208144918e-01
4.602999999999999758e+00 9.994595622488022801e-01
4.610899999999999999e+00 9.994478457796253101e-01
4.618800000000000239e+00 9.993889993323266108e-01
4.626700000000000479e+00 9.994734969523060286e-01
4.634599999999999831e+00 9.994506254879945706e-01
4.642500000000000071e+00 9.994279957159867278e-01
4.650400000000000311e+00 9.994567368700282284e-01
4.658299999999999663e+00 9.993943005183772987e-01
4.666199999999999903e+00 9.994290019906640898e-01
4.674100000000000144e+00 9.993866683450555177e-01
4.682000000000000384e+00 9.993567017477938963e-01
4.689899999999999736e+00 9.993799738361049956e-01
4.697799999999999976e+00 9.993985760479870972e-01
4.705700000000000216e+00 9.993402537777082983e-01
4.713600000000000456e+00 9.993818336618458531e-01
4.721499999999999808e+00 9.993339238824756610e-01
4.729400000000000048e+00 9.992432773656235723e-01
4.737300000000000288e+00 9.991863731999773846e-01
4.745200000000000529e+00 9.991351349969768147e-01
4.753099999999999881e+00 9.990226161371900115e-01
4.761000000000000121e+00 9.987736855684332671e-01
4.768900000000000361e+00 9.984752861091780174e-01
4.776799999999999713e+00 9.978026618850480700e-01
4.784699999999999953e+00 9.975146062375045419e-01
4.792600000000000193e+00 9.978720134897297589e-01
4.800500000000000433e+00 9.983584109336116619e-01
4.808399999999999785e+00 9.987613931716343707e-01
4.816300000000000026e+00 9.989119907375865193e-01
4.824200000000000266e+00 9.992066688071212788e-01
4.832100000000000506e+00 9.991954643378638812e-01
4.839999999999999858e+00 9.992845046403172615e-01
4.847900000000000098e+00 9.993478337897303554e-01
4.855800000000000338e+00 9.994425246725474610e-01
4.863699999999999690e+00 9.993954964487545833e-01
4.871599999999999930e+00 9.994394201784426723e-01
4.879500000000000171e+00 9.994700700247607372e-01
4.887400000000000411e+00 9.994979753683534973e-01
4.895299999999999763e+00 9.994765574870936309e-01
4.903200000000000003e+00 9.994917558753535491e-01
4.911100000000000243e+00 9.995353741472862152e-01
4.919000000000000483e+00 9.994842447357743520e-01
4.926899999999999835e+00 9.995615716019066177e-01
4.934800000000000075e+00 9.995080112935660344e-01
4.942700000000000315e+00 9.995507239822397638e-01
4.950600000000000556e+00 9.995628770703290922e-01
4.958499999999999908e+00 9.995273805514041099e-01
4.966400000000000148e+00 9.995623444528838331e-01
4.974300000000000388e+00 9.995414327753592287e-01
4.982199999999999740e+00 9.995613837011410041e-01
4.990099999999999980e+00 9.995238769672649681e-01
4.998000000000000220e+00 9.995622004911236536e-01
5.005900000000000460e+00 9.995136930744205062e-01
5.013799999999999812e+00 9.995001999975287044e-01
5.021700000000000053e+00 9.994781533276531071e-01
5.029600000000000293e+00 9.994342878948194731e-01
5.037500000000000533e+00 9.993272245055160319e-01
5.045399999999999885e+00 9.992233960316858621e-01
5.053300000000000125e+00 9.990382890574290853e-01
5.061200000000000365e+00 9.986799433231464684e-01
5.069099999999999717e+00 9.980330020831137405e-01
5.076999999999999957e+00 9.966283934269940525e-01
5.084900000000000198e+00 9.943859850809912970e-01
5.092800000000000438e+00 9.934153053038627945e-01
5.100699999999999790e+00 9.944393294944260386e-01
5.108600000000000030e+00 9.958481866805752869e-01
5.116500000000000270e+00 9.967839233937217935e-01
5.124400000000000510e+00 9.974463726886092507e-01
5.132299999999999862e+00 9.978512660110161470e-01
5.140200000000000102e+00 9.982523914840311097e-01
5.148100000000000342e+00 9.983601740093239751e-01
5.156000000000000583e+00 9.985477999661800386e-01
5.163899999999999935e+00 9.987145448417684701e-01
5.171800000000000175e+00 9.988153910784275391e-01
5.179700000000000415e+00 9.989457812262009240e-01
5.187599999999999767e+00 9.989321487847078185e-01
5.195500000000000007e+00 9.990559760074472218e-01
5.203400000000000247e+00 9.990166552189739813e-01
5.211300000000000487e+00 9.991626475482892067e-01
5.219199999999999839e+00 9.991660840642876407e-01
5.227100000000000080e+00 9.991341477558076667e-01
5.235000000000000320e+00 9.992876580286631505e-01
5.242900000000000560e+00 9.992017868339604370e-01
5.250799999999999912e+00 9.992877803002289117e-01
5.258700000000000152e+00 9.992657384068445170e-01
5.266600000000000392e+00 9.992864812382796780e-01
5.274499999999999744e+00 9.993677374991407625e-01
5.282399999999999984e+00 9.993001982526750204e-01
5.290300000000000225e+00 9.993761797708641259e-01
5.298200000000000465e+00 9.993768126022497533e-01
5.306099999999999817e+00 9.993579096610958334e-01
5.314000000000000057e+00 9.994347110078490859e-01
5.321900000000000297e+00 9.994168031510365369e-01
5.329800000000000537e+00 9.993768077888954826e-01
5.337699999999999889e+00 9.994283876615015494e-01
5.345600000000000129e+00 9.994344526934251238e-01
5.353500000000000369e+00 9.994526244425168127e-01
5.361399999999999721e+00 9.994210227191233642e-01
5.369299999999999962e+00 9.994950756332335873e-01
5.377200000000000202e+00 9.994586655083151916e-01
5.385100000000000442e+00 9.994763125902443868e-01
5.392999999999999794e+00 9.994645082576073536e-01
5.400900000000000034e+00 9.994747471233904612e-01
5.408800000000000274e+00 9.994603743039698340e-01
5.416700000000000514e+00 9.995384442505285127e-01
5.424599999999999866e+00 9.994965170917500252e-01
5.432500000000000107e+00 9.995279132745911177e-01
5.440400000000000347e+00 9.994718667222087793e-01
5.448300000000000587e+00 9.995255214944900324e-01
5.456199999999999939e+00 9.995303643043036423e-01
5.464100000000000179e+00 9.995113348608308801e-01
5.472000000000000419e+00 9.995379139369781063e-01
5.479899999999999771e+00 9.995441349726879032e-01
5.487800000000000011e+00 9.994933485664939665e-01
5.495700000000000252e+00 9.995124707358165050e-01
5.503600000000000492e+00 9.995456372290559832e-01
5.511499999999999844e+00 9.995789636614412776e-01
5.519400000000000084e+00 9.995679598231461682e-01
5.527300000000000324e+00 9.995813578615999617e-01
5.535200000000000564e+00 9.995218194475495865e-01
5.543099999999999916e+00 9.995905833062235235e-01
5.551000000000000156e+00 9.995258743633416154e-01
5.558900000000000396e+00 9.995730073587091313e-01
5.566799999999999748e+00 9.996420615456395042e-01
5.574699999999999989e+00 9.995039444143551943e-01
5.582600000000000229e+00 9.996238232756352593e-01
5.590500000000000469e+00 9.995416039960111076e-01
5.598399999999999821e+00 9.995978570290645626e-01
5.606300000000000061e+00 9.995641650352677932e-01
5.614200000000000301e+00 9.996240424813346293e-01
5.622100000000000541e+00 9.996166928167783405e-01
5.629999999999999893e+00 9.995733178102130800e-01
5.637900000000000134e+00 9.995793267735469945e-01
5.645800000000000374e+00 9.996276764878073706e-01
5.653700000000000614e+00 9.996182422420564206e-01
5.661599999999999966e+00 9.996088911433734792e-01
5.669500000000000206e+00 9.995616180844623111e-01
5.677400000000000446e+00 9.996367476811280905e-01
5.685299999999999798e+00 9.995631443318636622e-01
5.693200000000000038e+00 9.996664144441288480e-01
5.701100000000000279e+00 9.996243168498264442e-01
5.709000000000000519e+00 9.995779812400975572e-01
5.716899999999999871e+00 9.996031029028905612e-01
5.724800000000000111e+00 9.996208005491221682e-01
5.732700000000000351e+00 9.995829935744549033e-01
5.740600000000000591e+00 9.996807434904337875e-01
5.748499999999999943e+00 9.996363133678061175e-01
5.756400000000000183e+00 9.995724825595060370e-01
5.764300000000000423e+00 9.996500224210860264e-01
5.772199999999999775e+00 9.996658977175063576e-01
5.780100000000000016e+00 9.996280205199555846e-01
5.788000000000000256e+00 9.996193021530721534e-01
5.795900000000000496e+00 9.996193182121587695e-01
5.803799999999999848e+00 9.996312312666912892e-01
5.811700000000000088e+00 9.996513566567183373e-01
5.819600000000000328e+00 9.996349750326225525e-01
5.827500000000000568e+00 9.996735513196989276e-01
5.835399999999999920e+00 9.995965291528089436e-01
5.843300000000000161e+00 9.996993992348898184e-01
5.851200000000000401e+00 9.996057859051303840e-01
5.859100000000000641e+00 9.996710627477243261e-01
5.866999999999999993e+00 9.996172863192817060e-01
5.874900000000000233e+00 9.996899017440243895e-01
5.882800000000000473e+00 9.996381643724039368e-01
5.890699999999999825e+00 9.996711900177570609e-01
5.898600000000000065e+00 9.996544107419790270e-01
5.906500000000000306e+00 9.996219075008004884e-01
5.914400000000000546e+00 9.997176639220141103e-01
5.922299999999999898e+00 9.996806689723467532e-01
5.930200000000000138e+00 9.996927135146682630e-01
5.938100000000000378e+00 9.996381132211265008e-01
5.946000000000000618e+00 9.996989888649387979e-01
5.953899999999999970e+00 9.996308298981890772e-01
5.961800000000000210e+00 9.996716562765886049e-01
5.969700000000000450e+00 9.996729561650644635e-01
5.977599999999999802e+00 9.996915481318644492e-01
5.985500000000000043e+00 9.996252503442361048e-01
5.993400000000000283e+00 9.996766518695857640e-01
6.001300000000000523e+00 9.996643258495350182e-01
6.009199999999999875e+00 9.996454700409109773e-01
6.017100000000000115e+00 9.996671528199388979e-01
6.025000000000000355e+00 9.996964746972918370e-01
6.032900000000000595e+00 9.996977442791943336e-01
6.040799999999999947e+00 9.996634698936148755e-01
6.048700000000000188e+00 9.997257454953158984e-01
6.056600000000000428e+00 9.996397585181229228e-01
6.064500000000000668e+00 9.997008159172049435e-01
6.072400000000000020e+00 9.996730713976648142e-01
6.080300000000000260e+00 9.997212842930608412e-01
6.088200000000000500e+00 9.996832136135815894e-01
6.096099999999999852e+00 9.997046475509538954e-01
6.104000000000000092e+00 9.997110590119971940e-01
6.111900000000000333e+00 9.997030324431662729e-01
6.119800000000000573e+00 9.997071376882010751e-01
6.127699999999999925e+00 9.996871348212448272e-01
6.135600000000000165e+00 9.996942014236146479e-01
6.143500000000000405e+00 9.996982418518343128e-01
6.151400000000000645e+00 9.997252639940606977e-01
6.159299999999999997e+00 9.996988032497345911e-01
6.167200000000000237e+00 9.996648714322391438e-01
6.175100000000000477e+00 9.997733889061836132e-01
6.182999999999999829e+00 9.996859781771031406e-01
6.190900000000000070e+00 9.997342151438372015e-01
6.198800000000000310e+00 9.997048091543960791e-01
6.206700000000000550e+00 9.997242576875984277e-01
6.214599999999999902e+00 9.996822128609407221e-01
6.222500000000000142e+00 9.997211716303058271e-01
6.230400000000000382e+00 9.997342791218610802e-01
6.238300000000000622e+00 9.997497720077946903e-01
6.246199999999999974e+00 9.997139962275365388e-01
6.254100000000000215e+00 9.997561746147282102e-01
6.262000000000000455e+00 9.997316369686222171e-01
6.269899999999999807e+00 9.997624189006155682e-01
6.277800000000000047e+00 9.996657528296788442e-01
6.285700000000000287e+00 9.998110701822381374e-01
6.293600000000000527e+00 9.997084631640598129e-01
6.301499999999999879e+00 9.997434831123170884e-01
6.309400000000000119e+00 9.997329728467468923e-01
6.317300000000000360e+00 9.997449325626108774e-01
6.325200000000000600e+00 9.997987570101701804e-01
6.333099999999999952e+00 9.997256631082122036e-01
6.341000000000000192e+00 9.997967468460667861e-01
6.348900000000000432e+00 9.997137154690742822e-01
6.356800000000000672e+00 9.997513519109595403e-01
6.364700000000000024e+00 9.997699300927856969e-01
6.372600000000000264e+00 9.997307090367013593e-01
6.380500000000000504e+00 9.997922527684839356e-01
6.388399999999999856e+00 9.997531421500853721e-01
6.396300000000000097e+00 9.997821153280652684e-01
6.404200000000000337e+00 9.997562138334188386e-01
6.412100000000000577e+00 9.997424231634387537e-01
6.419999999999999929e+00 9.997681382623592183e-01
6.427900000000000169e+00 9.997569017635590249e-01
6.435800000000000409e+00 9.997818817757979648e-01
6.443700000000000649e+00 9.997951437449709156e-01
6.451600000000000001e+00 9.997683205650255145e-01
6.459500000000000242e+00 9.997607277712727836e-01
6.467400000000000482e+00 9.997731418375084278e-01
6.475299999999999834e+00 9.998112429536080148e-01
6.483200000000000074e+00 9.997556043085449318e-01
6.491100000000000314e+00 9.997890354528435886e-01
6.499000000000000554e+00 9.997610510026599950e-01
6.506899999999999906e+00 9.997574880279344045e-01
6.514800000000000146e+00 9.997989577483407109e-01
6.522700000000000387e+00 9.997949364753254686e-01
6.530600000000000627e+00 9.997974722562752437e-01
6.538499999999999979e+00 9.997911384796416279e-01
6.546400000000000219e+00 9.997536045430834850e-01
6.554300000000000459e+00 9.997987560292191933e-01
6.562200000000000699e+00 9.997784060499836922e-01
6.570100000000000051e+00 9.997940637856791435e-01
6.578000000000000291e+00 9.997985193834746376e-01
6.585900000000000531e+00 9.997725843081726183e-01
6.593799999999999883e+00 9.997813889746297589e-01
6.601700000000000124e+00 9.998121972265621160e-01
6.609600000000000364e+00 9.997724202742703792e-01
6.617500000000000604e+00 9.997893026674136152e-01
6.625399999999999956e+00 9.997960636259860534e-01
6.633300000000000196e+00 9.997666768136654891e-01
6.641200000000000436e+00 9.998367532885550357e-01
6.649100000000000676e+00 9.997792043646571702e-01
6.657000000000000028e+00 9.998031813897690911e-01
6.664900000000000269e+00 9.997881347257292495e-01
6.672800000000000509e+00 9.998383068446701216e-01
6.680699999999999861e+00 9.997343150508625209e-01
6.688600000000000101e+00 9.998302787860265939e-01
6.696500000000000341e+00 9.998142330507607811e-01
6.704400000000000581e+00 9.997758127602032197e-01
6.712299999999999933e+00 9.997811018232869440e-01
6.720200000000000173e+00 9.998102854130973549e-01
6.728100000000000414e+00 9.998247481456270513e-01
6.736000000000000654e+00 9.998140098369873163e-01
6.743900000000000006e+00 9.997890122202013341e-01
6.751800000000000246e+00 9.998246529410467209e-01
6.759700000000000486e+00 9.998119492646155848e-01
6.767600000000000726e+00 9.998014359184786981e-01
6.775500000000000078e+00 9.998230690473550730e-01
6.783400000000000318e+00 9.998074617240955142e-01
6.791300000000000558e+00 9.998271621548040500e-01
6.799199999999999910e+00 9.998022535090508311e-01
6.807100000000000151e+00 9.998172159720130070e-01
6.815000000000000391e+00 9.998548803797451257e-01
6.822900000000000631e+00 9.998318785395950981e-01
6.830799999999999983e+00 9.998380891294013084e-01
6.838700000000000223e+00 9.998127948251257502e-01
6.846600000000000463e+00 9.998038372816675512e-01
6.854500000000000703e+00 9.998088351605327606e-01
6.862400000000000055e+00 9.997997297364924485e-01
6.870300000000000296e+00 9.998016206606988865e-01
6.878200000000000536e+00 9.998269782366089320e-01
6.886099999999999888e+00 9.998318881052842277e-01
6.894000000000000128e+00 9.998134875523985166e-01
6.901900000000000368e+00 9.997823505197392935e-01
6.909800000000000608e+00 9.997545092293042002e-01
6.917699999999999960e+00 9.997292588711612638e-01
6.925600000000000200e+00 9.997335304149400637e-01
6.933500000000000441e+00 9.996124803867558750e-01
6.941400000000000681e+00 9.994763086887079595e-01
6.949300000000000033e+00 9.990974505397183236e-01
6.957200000000000273e+00 9.990245479921855409e-01
6.965100000000000513e+00 9.991204131081947715e-01
6.973000000000000753e+00 9.993185485507857235e-01
6.980900000000000105e+00 9.994527188877465607e-01
6.988800000000000345e+00 9.995979153915915960e-01
6.996700000000000585e+00 9.996591623121672265e-01
7.004599999999999937e+00 9.996499694990522711e-01
7.012500000000000178e+00 9.997730185865756347e-01
7.020400000000000418e+00 9.996812562410871683e-01
7.028300000000000658e+00 9.997606334074911061e-01
7.036200000000000010e+00 9.997483306067548314e-01
7.044100000000000250e+00 9.997934006223907488e-01
7.052000000000000490e+00 9.997551547651163384e-01
7.059900000000000730e+00 9.997698212929061468e-01
7.067800000000000082e+00 9.998011447776884442e-01
7.075700000000000323e+00 9.998189333513103350e-01
7.083600000000000563e+00 9.997902233774009773e-01
7.091499999999999915e+00 9.998590535734142026e-01
7.099400000000000155e+00 9.998040572685674698e-01
7.107300000000000395e+00 9.997928518742066339e-01
7.115200000000000635e+00 9.998504896273999742e-01
7.123099999999999987e+00 9.998201061542436596e-01
7.131000000000000227e+00 9.998260991251278762e-01
7.138900000000000468e+00 9.997972954182389183e-01
7.146800000000000708e+00 9.997985921701605383e-01
7.154700000000000060e+00 9.999110822407225596e-01
7.162600000000000300e+00 9.997888659431183322e-01
7.170500000000000540e+00 9.998599118972910649e-01
7.178399999999999892e+00 9.998524798062594643e-01
7.186300000000000132e+00 9.998354333825736351e-01
7.194200000000000372e+00 9.998166352660746714e-01
7.202100000000000612e+00 9.998489344457986983e-01
7.209999999999999964e+00 9.998268535117835754e-01
7.217900000000000205e+00 9.998608269277736715e-01
7.225800000000000445e+00 9.997937373794203442e-01
7.233700000000000685e+00 9.998576969482240173e-01
7.241600000000000037e+00 9.998274301567350308e-01
7.249500000000000277e+00 9.997821841429711531e-01
7.257400000000000517e+00 9.996269725941074880e-01
7.265300000000000757e+00 9.995421398898898246e-01
7.273200000000000109e+00 9.995867412373750094e-01
7.281100000000000350e+00 9.997357662882064844e-01
7.289000000000000590e+00 9.997150377674567379e-01
7.296899999999999942e+00 9.998042492593417485e-01
7.304800000000000182e+00 9.997874722978001838e-01
7.312700000000000422e+00 9.997378371752138060e-01
7.320600000000000662e+00 9.998719699376865666e-01
7.328500000000000014e+00 9.997592878364156554e-01
7.336400000000000254e+00 9.998651530256933428e-01
7.344300000000000495e+00 9.998078511808082824e-01
7.352200000000000735e+00 9.998438791107210344e-01
7.360100000000000087e+00 9.997914584363968293e-01
7.368000000000000327e+00 9.998998424284847308e-01
7.375900000000000567e+00 9.998253664518461648e-01
7.383799999999999919e+00 9.998743927638030771e-01
7.391700000000000159e+00 9.998336495173596461e-01
7.399600000000000399e+00 9.999023350185652914e-01
7.407500000000000639e+00 9.998405682175819376e-01
7.415399999999999991e+00 9.998589271593140149e-01
7.423300000000000232e+00 9.998748936529908704e-01
7.431200000000000472e+00 9.998515951175704908e-01
7.439100000000000712e+00 9.998729161346886496e-01
7.447000000000000064e+00 9.998873636415496202e-01
7.454900000000000304e+00 9.998419999707821582e-01
7.462800000000000544e+00 9.999179726888727249e-01
7.470700000000000784e+00 9.998719995698349683e-01
7.478600000000000136e+00 9.999073209402602469e-01
7.486500000000000377e+00 9.998788932312008271e-01
7.494400000000000617e+00 9.998825561478590362e-01
7.502299999999999969e+00 9.998430534834684691e-01
7.510200000000000209e+00 9.999398722073096213e-01
7.518100000000000449e+00 9.998479457427472683e-01
7.526000000000000689e+00 9.998622237224810139e-01
7.533900000000000041e+00 9.999114805235773673e-01
7.541800000000000281e+00 9.999114660813854805e-01
7.549700000000000522e+00 9.998963820128198288e-01
7.557600000000000762e+00 9.998870892602027549e-01
7.565500000000000114e+00 9.998983905848427556e-01
7.573400000000000354e+00 9.998925383909907927e-01
7.581300000000000594e+00 9.998847894774308687e-01
7.589199999999999946e+00 9.999177590940301341e-01
7.597100000000000186e+00 9.999220274610665093e-01
7.605000000000000426e+00 9.999058418900086398e-01
7.612900000000000666e+00 9.999497936756276406e-01
7.620800000000000018e+00 9.998750080222128522e-01
7.628700000000000259e+00 9.998932574702007470e-01
7.636600000000000499e+00 9.999348446738116625e-01
7.644500000000000739e+00 9.998870484572294215e-01
7.652400000000000091e+00 9.999231505576896550e-01
7.660300000000000331e+00 9.998988770062815501e-01
7.668200000000000571e+00 9.999333705043470522e-01
7.676100000000000811e+00 9.999355653416543976e-01
7.684000000000000163e+00 9.998870821413697874e-01
7.691900000000000404e+00 9.999586703596613502e-01
7.699800000000000644e+00 9.999076488597000711e-01
7.707699999999999996e+00 9.999287187581570313e-01
7.715600000000000236e+00 9.999240145805566859e-01
7.723500000000000476e+00 9.999050562969888922e-01
7.731400000000000716e+00 9.999290917820237157e-01
7.739300000000000068e+00 9.999175703660180270e-01
7.747200000000000308e+00 1.000000000000000000e+00
7.755100000000000549e+00 9.998970666891470183e-01
7.763000000000000789e+00 9.998951213414125627e-01
7.770900000000000141e+00 9.999174078911000629e-01
7.778800000000000381e+00 9.999257351927297588e-01
7.786700000000000621e+00 9.999420608196404325e-01
7.794599999999999973e+00 9.999459379897295275e-01
7.802500000000000213e+00 9.999122997524990675e-01
7.810400000000000453e+00 9.999019605357598595e-01
7.818300000000000693e+00 9.999404457314248207e-01
7.826200000000000045e+00 9.999296635659203902e-01
7.834100000000000286e+00 9.998955693666808919e-01
7.842000000000000526e+00 9.999335535963895794e-01
7.849900000000000766e+00 9.999105438635181864e-01
7.857800000000000118e+00 9.999313690649824782e-01
7.865700000000000358e+00 9.999120405323316252e-01
7.873600000000000598e+00 9.999634579345190177e-01
7.881500000000000838e+00 9.999523615218063322e-01
7.889400000000000190e+00 9.999437174425160890e-01
7.897300000000000431e+00 9.999182854942070264e-01
7.905200000000000671e+00 9.999720027632865715e-01
7.913100000000000023e+00 9.998837712790779042e-01
7.921000000000000263e+00 9.999405784584705081e-01
