0.000000000000000000e+00 9.995511232255339662e-01
5.000000000000000000e+00 9.998612025763163880e-01
1.000000000000000000e+01 9.995245449954669459e-01
1.500000000000000000e+01 1.000000000000000000e+00
2.000000000000000000e+01 9.987006198633878729e-01
2.500000000000000000e+01 9.984791346128290002e-01
3.000000000000000000e+01 9.978678353212865337e-01
3.500000000000000000e+01 9.971088791960380782e-01
4.000000000000000000e+01 9.966600024215720444e-01
4.500000000000000000e+01 9.958597023828860140e-01
5.000000000000000000e+01 9.951893403578611075e-01
5.500000000000000000e+01 9.950298709774586525e-01
6.000000000000000000e+01 9.935621620504218043e-01
6.500000000000000000e+01 9.939490229547314204e-01
7.000000000000000000e+01 9.945160251961621123e-01
7.500000000000000000e+01 9.933790675766265288e-01
8.000000000000000000e+01 9.938574757178336716e-01
8.500000000000000000e+01 9.936861937907348619e-01
9.000000000000000000e+01 9.939224447246642891e-01
9.500000000000000000e+01 9.937600222075877454e-01
1.000000000000000000e+02 9.946961665332832991e-01
1.050000000000000000e+02 9.943713214991303229e-01
1.100000000000000000e+02 9.946430100731491475e-01
1.150000000000000000e+02 9.951804809478387304e-01
1.200000000000000000e+02 9.952661219113881907e-01
1.250000000000000000e+02 9.956943267291353816e-01
1.300000000000000000e+02 9.952897470047811224e-01
1.350000000000000000e+02 9.970823009659710578e-01
1.400000000000000000e+02 9.964414703076872604e-01
1.450000000000000000e+02 9.971236448794086327e-01
1.500000000000000000e+02 9.977497098543217646e-01
1.550000000000000000e+02 9.980509297950818093e-01
1.600000000000000000e+02 9.987892139636114219e-01
1.650000000000000000e+02 9.989398239339914998e-01
1.700000000000000000e+02 9.990638556743044463e-01
1.750000000000000000e+02 9.985824943964232148e-01
1.800000000000000000e+02 9.985116191162443089e-01
1.850000000000000000e+02 9.983610091458642311e-01
1.900000000000000000e+02 9.973480832666417051e-01
1.950000000000000000e+02 9.975311777404369806e-01
2.000000000000000000e+02 9.963912669842273084e-01
2.050000000000000000e+02 9.967987998452556564e-01
2.100000000000000000e+02 9.963174385673743139e-01
2.150000000000000000e+02 9.961697817336684357e-01
2.200000000000000000e+02 9.958390304261671711e-01
2.250000000000000000e+02 9.948083857268997798e-01
2.300000000000000000e+02 9.946784477132386559e-01
2.350000000000000000e+02 9.950859805742670039e-01
2.400000000000000000e+02 9.939962731415172836e-01
2.450000000000000000e+02 9.943860871825008774e-01
2.500000000000000000e+02 9.943122587656478828e-01
2.550000000000000000e+02 9.949265111938645489e-01
2.600000000000000000e+02 9.940730546950443669e-01
2.650000000000000000e+02 9.935267244103324069e-01
2.700000000000000000e+02 9.946873071232609220e-01
2.750000000000000000e+02 9.936950532007572390e-01
2.800000000000000000e+02 9.949412768772351034e-01
2.850000000000000000e+02 9.942472897588173764e-01
2.900000000000000000e+02 9.950534960708516952e-01
2.950000000000000000e+02 9.958272178794707052e-01
3.000000000000000000e+02 9.960546094033777553e-01
3.050000000000000000e+02 9.963322042507449794e-01
3.100000000000000000e+02 9.966157053714602698e-01
3.150000000000000000e+02 9.968962533555015826e-01
3.200000000000000000e+02 9.970025662757697749e-01
3.250000000000000000e+02 9.971206917427345440e-01
3.300000000000000000e+02 9.970852541026451465e-01
3.350000000000000000e+02 9.982487899522477504e-01
3.400000000000000000e+02 9.973244581732486624e-01
3.450000000000000000e+02 9.974691618702805629e-01
3.500000000000000000e+02 9.977910537677594505e-01
3.550000000000000000e+02 9.977172253509064559e-01
3.600000000000000000e+02 9.980538829317560090e-01
3.650000000000000000e+02 9.970527695992298378e-01
3.700000000000000000e+02 9.973864740434051912e-01
3.750000000000000000e+02 9.964326108976649943e-01
3.800000000000000000e+02 9.960959533168154412e-01
3.850000000000000000e+02 9.963174385673743139e-01
3.900000000000000000e+02 9.960250780366366463e-01
3.950000000000000000e+02 9.960250780366366463e-01
4.000000000000000000e+02 9.956382171323271413e-01
4.050000000000000000e+02 9.949885270640210777e-01
4.100000000000000000e+02 9.951568558544457987e-01
4.150000000000000000e+02 9.953192783715223424e-01
4.200000000000000000e+02 9.953340440548928969e-01
4.250000000000000000e+02 9.945987130230373729e-01
4.300000000000000000e+02 9.943388369957150141e-01
4.350000000000000000e+02 9.952129654512540391e-01
4.400000000000000000e+02 9.949560425606057690e-01
4.450000000000000000e+02 9.957976865127294852e-01
4.500000000000000000e+02 9.957090924125059361e-01
4.550000000000000000e+02 9.956972798658094703e-01
4.600000000000000000e+02 9.956234514489564758e-01
4.650000000000000000e+02 9.955909669455411670e-01
4.700000000000000000e+02 9.960044060799178034e-01
4.750000000000000000e+02 9.951834340845128191e-01
4.800000000000000000e+02 9.965271112712367207e-01
4.850000000000000000e+02 9.965300644079108094e-01
4.900000000000000000e+02 9.963440167974414452e-01
4.950000000000000000e+02 9.962436101505214303e-01
5.000000000000000000e+02 9.966097990981120924e-01
5.050000000000000000e+02 9.970793478292968581e-01
5.100000000000000000e+02 9.966216116448085582e-01
5.150000000000000000e+02 9.965389238179331866e-01
5.200000000000000000e+02 9.961609223236460586e-01
5.250000000000000000e+02 9.967102057450321073e-01
5.300000000000000000e+02 9.970704884192744810e-01
5.350000000000000000e+02 9.959689684398284060e-01
5.400000000000000000e+02 9.971974732962616272e-01
5.450000000000000000e+02 9.964828142211249462e-01
5.500000000000000000e+02 9.971384105627792982e-01
5.550000000000000000e+02 9.961520629136236815e-01
5.600000000000000000e+02 9.967367839750991276e-01
5.650000000000000000e+02 9.957120455491800248e-01
5.700000000000000000e+02 9.960811876334448867e-01
5.750000000000000000e+02 9.956736547724165387e-01
5.800000000000000000e+02 9.954639820685541318e-01
5.850000000000000000e+02 9.957061392758318474e-01
5.900000000000000000e+02 9.953310909182188082e-01
5.950000000000000000e+02 9.945278377428585781e-01
6.000000000000000000e+02 9.950328241141328522e-01
6.050000000000000000e+02 9.952543093646917249e-01
6.100000000000000000e+02 9.955525761687776809e-01
6.150000000000000000e+02 9.955141853920140838e-01
6.200000000000000000e+02 9.954344507018129118e-01
6.250000000000000000e+02 9.960280311733107350e-01
6.300000000000000000e+02 9.961254846835566612e-01
6.350000000000000000e+02 9.962258913304766761e-01
6.400000000000000000e+02 9.955496230321035922e-01
6.450000000000000000e+02 9.956766079090906274e-01
6.500000000000000000e+02 9.961432035036013044e-01
6.550000000000000000e+02 9.962554226972178961e-01
6.600000000000000000e+02 9.969405504056133571e-01
6.650000000000000000e+02 9.960073592165918921e-01
6.700000000000000000e+02 9.958892337496271230e-01
6.750000000000000000e+02 9.976109124306381526e-01
6.800000000000000000e+02 9.966511430115496672e-01
6.850000000000000000e+02 9.960339374466590234e-01
6.900000000000000000e+02 9.963056260206778481e-01
6.950000000000000000e+02 9.968194718019744993e-01
7.000000000000000000e+02 9.964710016744284804e-01
7.050000000000000000e+02 9.962554226972178961e-01
7.100000000000000000e+02 9.963144854307002252e-01
7.150000000000000000e+02 9.958508429728636369e-01
7.200000000000000000e+02 9.964650954010803030e-01
7.250000000000000000e+02 9.960368905833331121e-01
7.300000000000000000e+02 9.961402503669272157e-01
7.350000000000000000e+02 9.961136721368601954e-01
7.400000000000000000e+02 9.957533894626177107e-01
7.450000000000000000e+02 9.960191717632883579e-01
7.500000000000000000e+02 9.949560425606057690e-01
7.550000000000000000e+02 9.958065459227518623e-01
7.600000000000000000e+02 9.953842473783529599e-01
7.650000000000000000e+02 9.958183584694483281e-01
7.700000000000000000e+02 9.950712148908963384e-01
7.750000000000000000e+02 9.969937068657475088e-01
7.800000000000000000e+02 9.958685617929083911e-01
7.850000000000000000e+02 9.964444234443614601e-01
7.900000000000000000e+02 9.960870939067930641e-01
7.950000000000000000e+02 9.962731415172625393e-01
8.000000000000000000e+02 9.967722216151885251e-01
8.050000000000000000e+02 9.961313909569048386e-01
8.100000000000000000e+02 9.958744680662565685e-01
8.150000000000000000e+02 9.961904536903872787e-01
8.200000000000000000e+02 9.958803743396048569e-01
8.250000000000000000e+02 9.961993131004095448e-01
8.300000000000000000e+02 9.958715149295824798e-01
8.350000000000000000e+02 9.971649887928463185e-01
8.400000000000000000e+02 9.959955466698954263e-01
8.450000000000000000e+02 9.968873939454792055e-01
8.500000000000000000e+02 9.970439101892074607e-01
8.550000000000000000e+02 9.966245647814826469e-01
8.600000000000000000e+02 9.972653954397663334e-01
8.650000000000000000e+02 9.965152987245402549e-01
8.700000000000000000e+02 9.963971732575754858e-01
8.750000000000000000e+02 9.956234514489564758e-01
8.800000000000000000e+02 9.956677484990682503e-01
8.850000000000000000e+02 9.958154053327742394e-01
8.900000000000000000e+02 9.956913735924611819e-01
8.950000000000000000e+02 9.963617356174860884e-01
9.000000000000000000e+02 9.949619488339539464e-01
9.050000000000000000e+02 9.951804809478387304e-01
9.100000000000000000e+02 9.958744680662565685e-01
9.150000000000000000e+02 9.960959533168154412e-01
9.200000000000000000e+02 9.960044060799178034e-01
9.250000000000000000e+02 9.956086857655859212e-01
9.300000000000000000e+02 9.961579691869719699e-01
9.350000000000000000e+02 9.951598089911198874e-01
9.400000000000000000e+02 9.963824075742049313e-01
9.450000000000000000e+02 9.958980931596495001e-01
9.500000000000000000e+02 9.959069525696718772e-01
9.550000000000000000e+02 9.959453433464353633e-01
9.600000000000000000e+02 9.959925935332213376e-01
9.650000000000000000e+02 9.958006396494035739e-01
9.700000000000000000e+02 9.959807809865248718e-01
9.750000000000000000e+02 9.966954400616614418e-01
9.800000000000000000e+02 9.962199850571283877e-01
9.850000000000000000e+02 9.963292511140707797e-01
9.900000000000000000e+02 9.960309843099848237e-01
9.950000000000000000e+02 9.966983931983356415e-01
1.000000000000000000e+03 9.969612223623322000e-01
