2.500000000000000000e+03 9.993282828827081410e-01
2.501750000000000000e+03 9.988469454831514494e-01
2.503500000000000000e+03 9.992384811290594415e-01
2.505250000000000000e+03 9.991450873052648562e-01
2.507000000000000000e+03 9.995797277929243663e-01
2.508750000000000000e+03 9.994180846363567294e-01
2.510500000000000000e+03 9.996443850555513100e-01
2.512250000000000000e+03 1.000000000000000000e+00
2.514000000000000000e+03 9.999389348075189421e-01
2.515750000000000000e+03 9.993031383916864963e-01
2.517500000000000000e+03 9.988792741144648657e-01
2.519250000000000000e+03 9.993282828827081410e-01
2.521000000000000000e+03 9.992456652693514352e-01
2.522750000000000000e+03 9.992744018305189657e-01
2.524500000000000000e+03 9.991989683574540315e-01
2.526250000000000000e+03 9.996443850555513100e-01
2.528000000000000000e+03 9.991702317962865010e-01
2.529750000000000000e+03 9.992241128484756763e-01
2.531500000000000000e+03 9.995940960735081315e-01
2.533250000000000000e+03 9.992815859708108484e-01
2.535000000000000000e+03 9.992241128484756763e-01
2.536750000000000000e+03 9.990624696919081504e-01
2.538500000000000000e+03 9.989690758681135652e-01
2.540250000000000000e+03 9.990229569203027404e-01
2.542000000000000000e+03 9.989978124292810957e-01
2.543750000000000000e+03 9.996012802138000142e-01
2.545500000000000000e+03 9.991019824635135604e-01
2.547250000000000000e+03 9.992061524977460252e-01
2.549000000000000000e+03 9.992348890589135557e-01
2.550750000000000000e+03 9.992456652693514352e-01
2.552500000000000000e+03 9.990301410605946231e-01
2.554250000000000000e+03 9.985236591700162867e-01
2.556000000000000000e+03 9.988182089219838078e-01
2.557750000000000000e+03 9.987679199399406293e-01
2.559500000000000000e+03 9.991881921470162631e-01
2.561250000000000000e+03 9.984949226088487562e-01
2.563000000000000000e+03 9.984051208552000567e-01
2.564750000000000000e+03 9.985919085027892272e-01
2.566500000000000000e+03 9.990481014113243852e-01
2.568250000000000000e+03 9.991127586739514399e-01
2.570000000000000000e+03 9.989726679382594510e-01
2.571750000000000000e+03 9.989439313770919204e-01
2.573500000000000000e+03 9.986062767833729925e-01
2.575250000000000000e+03 9.988684979040270973e-01
2.577000000000000000e+03 9.989582996576756857e-01
2.578750000000000000e+03 9.989654837979675683e-01
2.580500000000000000e+03 9.986062767833729925e-01
2.582250000000000000e+03 9.989762600084054478e-01
2.584000000000000000e+03 9.987607357996487467e-01
2.585750000000000000e+03 9.980387297003135982e-01
2.587500000000000000e+03 9.986781181862919299e-01
2.589250000000000000e+03 9.987140388877514541e-01
2.591000000000000000e+03 9.986493816251243993e-01
2.592750000000000000e+03 9.983763842940325262e-01
2.594500000000000000e+03 9.979812565779784261e-01
2.596250000000000000e+03 9.983763842940325262e-01
2.598000000000000000e+03 9.985128829595784072e-01
2.599750000000000000e+03 9.982650301195081788e-01
2.601500000000000000e+03 9.973167236009784498e-01
2.603250000000000000e+03 9.971910011458703371e-01
2.605000000000000000e+03 9.972484742682055092e-01
2.606750000000000000e+03 9.972053694264542134e-01
2.608500000000000000e+03 9.954991361071299227e-01
2.610250000000000000e+03 9.963540488018649555e-01
2.612000000000000000e+03 9.935342737372975241e-01
2.613750000000000000e+03 9.926470324112489640e-01
2.615500000000000000e+03 9.912820457557894871e-01
2.617250000000000000e+03 9.918603690492867608e-01
2.619000000000000000e+03 9.918675531895786435e-01
2.620750000000000000e+03 9.925680068680381440e-01
2.622500000000000000e+03 9.938216393489731626e-01
2.624250000000000000e+03 9.938503759101408042e-01
2.626000000000000000e+03 9.952261387760380495e-01
2.627750000000000000e+03 9.964618109062434170e-01
2.629500000000000000e+03 9.970616866206163387e-01
2.631250000000000000e+03 9.968856751834649366e-01
2.633000000000000000e+03 9.981824125061514730e-01
2.634750000000000000e+03 9.980423217704594840e-01
2.636500000000000000e+03 9.980135852092919535e-01
2.638250000000000000e+03 9.985021067491406388e-01
2.640000000000000000e+03 9.979237834556433651e-01
2.641750000000000000e+03 9.984697781178271114e-01
2.643500000000000000e+03 9.988038406414000425e-01
2.645250000000000000e+03 9.991450873052648562e-01
2.647000000000000000e+03 9.986314212743946372e-01
2.648750000000000000e+03 9.992815859708108484e-01
2.650500000000000000e+03 9.996084643540918968e-01
2.652250000000000000e+03 9.985847243624973446e-01
2.654000000000000000e+03 9.991989683574540315e-01
2.655750000000000000e+03 9.987032626773135746e-01
2.657500000000000000e+03 9.987786961503783978e-01
2.659250000000000000e+03 9.989259710263621583e-01
2.661000000000000000e+03 9.991953762873081457e-01
2.662750000000000000e+03 9.990373252008865057e-01
2.664500000000000000e+03 9.991989683574540315e-01
2.666250000000000000e+03 9.991953762873081457e-01
2.668000000000000000e+03 9.988469454831514494e-01
2.669750000000000000e+03 9.988972344651946278e-01
2.671500000000000000e+03 9.991881921470162631e-01
2.673250000000000000e+03 9.988038406414000425e-01
2.675000000000000000e+03 9.988397613428594557e-01
2.676750000000000000e+03 9.998742775448918874e-01
2.678500000000000000e+03 9.987930644309621631e-01
2.680250000000000000e+03 9.981895966464433556e-01
2.682000000000000000e+03 9.986673419758540504e-01
2.683750000000000000e+03 9.985056988192865246e-01
2.685500000000000000e+03 9.980243614197298330e-01
2.687250000000000000e+03 9.986601578355621678e-01
2.689000000000000000e+03 9.984266732760757046e-01
2.690750000000000000e+03 9.990481014113243852e-01
2.692500000000000000e+03 9.984374494865135841e-01
2.694250000000000000e+03 9.988828661846108625e-01
2.696000000000000000e+03 9.990947983232216778e-01
2.697750000000000000e+03 9.987571437295027499e-01
2.699500000000000000e+03 9.989942203591352099e-01
2.701250000000000000e+03 9.991091666038054431e-01
2.703000000000000000e+03 9.994504132676702568e-01
2.704750000000000000e+03 9.990157727800108578e-01
2.706500000000000000e+03 9.989618917278216825e-01
2.708250000000000000e+03 9.992097445678919110e-01
2.710000000000000000e+03 9.989942203591352099e-01
2.711750000000000000e+03 9.990732459023460299e-01
2.713500000000000000e+03 9.988218009921298046e-01
2.715250000000000000e+03 9.991450873052648562e-01
2.717000000000000000e+03 9.987930644309621631e-01
2.718750000000000000e+03 9.989403393069460346e-01
2.720500000000000000e+03 9.988074327115460394e-01
2.722250000000000000e+03 9.987858802906702804e-01
2.724000000000000000e+03 9.992672176902270831e-01
2.725750000000000000e+03 9.989295630965081552e-01
2.727500000000000000e+03 9.988469454831514494e-01
2.729250000000000000e+03 9.986781181862919299e-01
2.731000000000000000e+03 9.992025604276000283e-01
2.732750000000000000e+03 9.979525200168108956e-01
2.734500000000000000e+03 9.987571437295027499e-01
2.736250000000000000e+03 9.982470697687784167e-01
2.738000000000000000e+03 9.981285314539621867e-01
2.739750000000000000e+03 9.984482256969514635e-01
2.741500000000000000e+03 9.986817102564379267e-01
2.743250000000000000e+03 9.983727922238865293e-01
2.745000000000000000e+03 9.994001242856270784e-01
2.746750000000000000e+03 9.988792741144648657e-01
2.748500000000000000e+03 9.990840221127837983e-01
2.750250000000000000e+03 9.984913305387027593e-01
2.752000000000000000e+03 9.985128829595784072e-01
2.753750000000000000e+03 9.987607357996487467e-01
2.755500000000000000e+03 9.980243614197298330e-01
2.757250000000000000e+03 9.979740724376865435e-01
2.759000000000000000e+03 9.989654837979675683e-01
2.760750000000000000e+03 9.985128829595784072e-01
2.762500000000000000e+03 9.985200670998702899e-01
2.764250000000000000e+03 9.986637499057081646e-01
2.766000000000000000e+03 9.987535516593567531e-01
2.767750000000000000e+03 9.983225032418433509e-01
2.769500000000000000e+03 9.983656080835946467e-01
2.771250000000000000e+03 9.987355913086271020e-01
2.773000000000000000e+03 9.990732459023460299e-01
2.774750000000000000e+03 9.991774159365783836e-01
2.776500000000000000e+03 9.983871605044702946e-01
2.778250000000000000e+03 9.986781181862919299e-01
2.780000000000000000e+03 9.984446336268054667e-01
2.781750000000000000e+03 9.985919085027892272e-01
2.783500000000000000e+03 9.986996706071675778e-01
2.785250000000000000e+03 9.978950468944757235e-01
2.787000000000000000e+03 9.981105711032325356e-01
2.788750000000000000e+03 9.982003728568811241e-01
2.790500000000000000e+03 9.978196134214109003e-01
2.792250000000000000e+03 9.962714311885082497e-01
2.794000000000000000e+03 9.970149897087190460e-01
2.795750000000000000e+03 9.959194083142055565e-01
2.797500000000000000e+03 9.945256850975785490e-01
2.799250000000000000e+03 9.931427380913894210e-01
2.801000000000000000e+03 9.923345223085516809e-01
2.802750000000000000e+03 9.941628860128380873e-01
2.804500000000000000e+03 9.893495120172707269e-01
2.806250000000000000e+03 9.886131376373518131e-01
2.808000000000000000e+03 9.870326267731356351e-01
2.809750000000000000e+03 9.867883660032112925e-01
2.811500000000000000e+03 9.871511650879518651e-01
2.813250000000000000e+03 9.883149958152382952e-01
2.815000000000000000e+03 9.889974891429680337e-01
2.816750000000000000e+03 9.893351437366868506e-01
2.818500000000000000e+03 9.904522775520759881e-01
2.820250000000000000e+03 9.904846061833895154e-01
2.822000000000000000e+03 9.904450934117841054e-01
2.823750000000000000e+03 9.904379092714922228e-01
2.825500000000000000e+03 9.911670995111192539e-01
2.827250000000000000e+03 9.925428623770164993e-01
2.829000000000000000e+03 9.931858429331408278e-01
2.830750000000000000e+03 9.956931078950109759e-01
2.832500000000000000e+03 9.954416629847947506e-01
2.834250000000000000e+03 9.951830339342866427e-01
2.836000000000000000e+03 9.965911254314974155e-01
2.837750000000000000e+03 9.961277483826703749e-01
2.839500000000000000e+03 9.963253122406974249e-01
2.841250000000000000e+03 9.972484742682055092e-01
2.843000000000000000e+03 9.977944689303892556e-01
2.844750000000000000e+03 9.978232054915567861e-01
2.846500000000000000e+03 9.983548318731567672e-01
2.848250000000000000e+03 9.981860045762973588e-01
2.850000000000000000e+03 9.982434776986325309e-01
2.851750000000000000e+03 9.991486793754108531e-01
2.853500000000000000e+03 9.989547075875297999e-01
2.855250000000000000e+03 9.987068547474594604e-01
2.857000000000000000e+03 9.984302653462217014e-01
2.858750000000000000e+03 9.989582996576756857e-01
2.860500000000000000e+03 9.987463675190648704e-01
2.862250000000000000e+03 9.986745261161460441e-01
2.864000000000000000e+03 9.988649058338811004e-01
2.865750000000000000e+03 9.982542539090702993e-01
2.867500000000000000e+03 9.985775402222054620e-01
2.869250000000000000e+03 9.987571437295027499e-01
2.871000000000000000e+03 9.982650301195081788e-01
2.872750000000000000e+03 9.983260953119892367e-01
2.874500000000000000e+03 9.986134609236648751e-01
2.876250000000000000e+03 9.984266732760757046e-01
2.878000000000000000e+03 9.981321235241081835e-01
2.879750000000000000e+03 9.991343110948270878e-01
2.881500000000000000e+03 9.982937666806757093e-01
2.883250000000000000e+03 9.987248150981892225e-01
2.885000000000000000e+03 9.989798520785514446e-01
2.886750000000000000e+03 9.983189111716973541e-01
2.888500000000000000e+03 9.985775402222054620e-01
2.890250000000000000e+03 9.982793984000919441e-01
2.892000000000000000e+03 9.986386054146865199e-01
2.893750000000000000e+03 9.987499595892108673e-01
2.895500000000000000e+03 9.984446336268054667e-01
2.897250000000000000e+03 9.984518177670973493e-01
2.899000000000000000e+03 9.988182089219838078e-01
2.900750000000000000e+03 9.991666397261406152e-01
2.902500000000000000e+03 9.988864582547567483e-01
2.904250000000000000e+03 9.989690758681135652e-01
2.906000000000000000e+03 9.983009508209675920e-01
2.907750000000000000e+03 9.982722142598000614e-01
2.909500000000000000e+03 9.987930644309621631e-01
2.911250000000000000e+03 9.985308433103081693e-01
2.913000000000000000e+03 9.991414952351189704e-01
2.914750000000000000e+03 9.986493816251243993e-01
2.916500000000000000e+03 9.984949226088487562e-01
2.918250000000000000e+03 9.986170529938108720e-01
2.920000000000000000e+03 9.980530979808973635e-01
2.921750000000000000e+03 9.985164750297244041e-01
2.923500000000000000e+03 9.980315455600217156e-01
2.925250000000000000e+03 9.986817102564379267e-01
2.927000000000000000e+03 9.982075569971730067e-01
2.928750000000000000e+03 9.983943446447621772e-01
2.930500000000000000e+03 9.981357155942540693e-01
2.932250000000000000e+03 9.992312969887675589e-01
2.934000000000000000e+03 9.983692001537406435e-01
2.935750000000000000e+03 9.982901746105298235e-01
2.937500000000000000e+03 9.990445093411783883e-01
2.939250000000000000e+03 9.983763842940325262e-01
2.941000000000000000e+03 9.985847243624973446e-01
2.942750000000000000e+03 9.984338574163675872e-01
2.944500000000000000e+03 9.987319992384811052e-01
2.946250000000000000e+03 9.979992169287081882e-01
2.948000000000000000e+03 9.987607357996487467e-01
2.949750000000000000e+03 9.986062767833729925e-01
2.951500000000000000e+03 9.977765085796594935e-01
2.953250000000000000e+03 9.981716362957135935e-01
2.955000000000000000e+03 9.975897209320703229e-01
2.956750000000000000e+03 9.978088372109730209e-01
2.958500000000000000e+03 9.980710583316271256e-01
2.960250000000000000e+03 9.967240320268974108e-01
2.962000000000000000e+03 9.967348082373352902e-01
2.963750000000000000e+03 9.966521906239784734e-01
2.965500000000000000e+03 9.964977316077028302e-01
2.967250000000000000e+03 9.956715554741353280e-01
2.969000000000000000e+03 9.968246099909838787e-01
2.970750000000000000e+03 9.937677582967839873e-01
2.972500000000000000e+03 9.939976507861245647e-01
2.974250000000000000e+03 9.911670995111192539e-01
2.976000000000000000e+03 9.907755638652111507e-01
2.977750000000000000e+03 9.897410476631787191e-01
2.979500000000000000e+03 9.894680503320868459e-01
2.981250000000000000e+03 9.892237895621626143e-01
2.983000000000000000e+03 9.886813869701247537e-01
2.984750000000000000e+03 9.877618170127626662e-01
2.986500000000000000e+03 9.871332047372221030e-01
2.988250000000000000e+03 9.870218505626977556e-01
2.990000000000000000e+03 9.873164003146653878e-01
2.991750000000000000e+03 9.878983156783085473e-01
2.993500000000000000e+03 9.891878688607030901e-01
2.995250000000000000e+03 9.939006648921839826e-01
2.997000000000000000e+03 9.919106580313300503e-01
2.998750000000000000e+03 9.935701944387570483e-01
3.000500000000000000e+03 9.964761791868271823e-01
3.002250000000000000e+03 9.951399290925353469e-01
3.004000000000000000e+03 9.958116462098272059e-01
3.005750000000000000e+03 9.970796469713461008e-01
3.007500000000000000e+03 9.970868311116379834e-01
3.009250000000000000e+03 9.973993412143352666e-01
3.011000000000000000e+03 9.980099931391460677e-01
3.012750000000000000e+03 9.983907525746162914e-01
3.014500000000000000e+03 9.981141631733784214e-01
3.016250000000000000e+03 9.985703560819135793e-01
3.018000000000000000e+03 9.988505375532973352e-01
3.019750000000000000e+03 9.982865825403838267e-01
3.021500000000000000e+03 9.991846000768702662e-01
3.023250000000000000e+03 9.994288608467946089e-01
3.025000000000000000e+03 9.992420731992054383e-01
3.026750000000000000e+03 9.987858802906702804e-01
3.028500000000000000e+03 9.990624696919081504e-01
3.030250000000000000e+03 9.985559878013298141e-01
3.032000000000000000e+03 9.983799763641784120e-01
3.033750000000000000e+03 9.983656080835946467e-01
3.035500000000000000e+03 9.988289851324216873e-01
3.037250000000000000e+03 9.987751040802325120e-01
3.039000000000000000e+03 9.986817102564379267e-01
3.040750000000000000e+03 9.991127586739514399e-01
3.042500000000000000e+03 9.977872847900973730e-01
3.044250000000000000e+03 9.984446336268054667e-01
3.046000000000000000e+03 9.986314212743946372e-01
3.047750000000000000e+03 9.982722142598000614e-01
3.049500000000000000e+03 9.982506618389244135e-01
3.051250000000000000e+03 9.989834441486973304e-01
3.053000000000000000e+03 9.987391833787729878e-01
3.054750000000000000e+03 9.985703560819135793e-01
3.056500000000000000e+03 9.987643278697946325e-01
3.058250000000000000e+03 9.984913305387027593e-01
3.060000000000000000e+03 9.989044186054865104e-01
3.061750000000000000e+03 9.991271269545352052e-01
3.063500000000000000e+03 9.992708097603729689e-01
3.065250000000000000e+03 9.983081349612594746e-01
3.067000000000000000e+03 9.985811322923514588e-01
3.068750000000000000e+03 9.988397613428594557e-01
3.070500000000000000e+03 9.987822882205243946e-01
3.072250000000000000e+03 9.991450873052648562e-01
3.074000000000000000e+03 9.988613137637352146e-01
3.075750000000000000e+03 9.979453358765190130e-01
3.077500000000000000e+03 9.990983903933675636e-01
3.079250000000000000e+03 9.993282828827081410e-01
3.081000000000000000e+03 9.978627182631621961e-01
3.082750000000000000e+03 9.987786961503783978e-01
3.084500000000000000e+03 9.983045428911135888e-01
3.086250000000000000e+03 9.982147411374648893e-01
3.088000000000000000e+03 9.984338574163675872e-01
3.089750000000000000e+03 9.990049965695729783e-01
3.091500000000000000e+03 9.987930644309621631e-01
3.093250000000000000e+03 9.990660617620540362e-01
3.095000000000000000e+03 9.983117270314054714e-01
3.096750000000000000e+03 9.981895966464433556e-01
3.098500000000000000e+03 9.988577216935892178e-01
3.100250000000000000e+03 9.990085886397189752e-01
3.102000000000000000e+03 9.990732459023460299e-01
3.103750000000000000e+03 9.985883164326433414e-01
3.105500000000000000e+03 9.987391833787729878e-01
3.107250000000000000e+03 9.987571437295027499e-01
3.109000000000000000e+03 9.984410415566594699e-01
3.110750000000000000e+03 9.982039649270271209e-01
3.112500000000000000e+03 9.976902988961567909e-01
3.114250000000000000e+03 9.964438505555136549e-01
3.116000000000000000e+03 9.951794418641407569e-01
3.117750000000000000e+03 9.952261387760380495e-01
3.119500000000000000e+03 9.936456279118218715e-01
3.121250000000000000e+03 9.921513267311083961e-01
3.123000000000000000e+03 9.920974456789192208e-01
3.124750000000000000e+03 9.920902615386273382e-01
3.126500000000000000e+03 9.924997575352652035e-01
3.128250000000000000e+03 9.933510781598543504e-01
3.130000000000000000e+03 9.944466595543677290e-01
3.131750000000000000e+03 9.959086321037676770e-01
3.133500000000000000e+03 9.975142874590054998e-01
3.135250000000000000e+03 9.977118513170325498e-01
3.137000000000000000e+03 9.971802249354325687e-01
3.138750000000000000e+03 9.980926107525027735e-01
3.140500000000000000e+03 9.987571437295027499e-01
3.142250000000000000e+03 9.991055745336594462e-01
3.144000000000000000e+03 9.987715120100865152e-01
3.145750000000000000e+03 9.987571437295027499e-01
3.147500000000000000e+03 9.998096202822648326e-01
3.149250000000000000e+03 9.992528494096433178e-01
3.151000000000000000e+03 9.993067304618324931e-01
3.152750000000000000e+03 9.985919085027892272e-01
3.154500000000000000e+03 9.993929401453351957e-01
3.156250000000000000e+03 9.986242371341027546e-01
3.158000000000000000e+03 9.991702317962865010e-01
3.159750000000000000e+03 9.988182089219838078e-01
3.161500000000000000e+03 9.988146168518379220e-01
3.163250000000000000e+03 9.985128829595784072e-01
3.165000000000000000e+03 9.987715120100865152e-01
3.166750000000000000e+03 9.991127586739514399e-01
3.168500000000000000e+03 9.989582996576756857e-01
3.170250000000000000e+03 9.994109004960648468e-01
3.172000000000000000e+03 9.992312969887675589e-01
3.173750000000000000e+03 9.991486793754108531e-01
3.175500000000000000e+03 9.992636256200810863e-01
3.177250000000000000e+03 9.990947983232216778e-01
3.179000000000000000e+03 9.989475234472379173e-01
3.180750000000000000e+03 9.989798520785514446e-01
3.182500000000000000e+03 9.998706854747460016e-01
3.184250000000000000e+03 9.992241128484756763e-01
3.186000000000000000e+03 9.983620160134487609e-01
3.187750000000000000e+03 9.990660617620540362e-01
3.189500000000000000e+03 9.989080106756325073e-01
3.191250000000000000e+03 9.985739481520594651e-01
3.193000000000000000e+03 9.995186626004433084e-01
3.194750000000000000e+03 9.992564414797892036e-01
3.196500000000000000e+03 9.995366229511729594e-01
3.198250000000000000e+03 9.990624696919081504e-01
3.200000000000000000e+03 9.992205207783297904e-01
