2.000000000000000000e+01 2.269460000000000000e+06
2.080320000000000036e+01 2.269500000000000000e+06
2.160640000000000072e+01 2.269240000000000000e+06
2.240960000000000107e+01 2.269030000000000000e+06
2.321290000000000120e+01 2.270180000000000000e+06
2.401610000000000156e+01 2.268600000000000000e+06
2.481929999999999836e+01 2.269290000000000000e+06
2.562249999999999872e+01 2.268920000000000000e+06
2.642569999999999908e+01 2.269760000000000000e+06
2.722889999999999944e+01 2.270880000000000000e+06
2.803209999999999980e+01 2.270260000000000000e+06
2.883530000000000015e+01 2.269160000000000000e+06
2.963860000000000028e+01 2.268450000000000000e+06
3.044180000000000064e+01 2.270180000000000000e+06
3.124500000000000099e+01 2.269990000000000000e+06
3.204820000000000135e+01 2.270090000000000000e+06
3.285139999999999816e+01 2.270210000000000000e+06
3.365460000000000207e+01 2.267610000000000000e+06
3.445779999999999887e+01 2.270110000000000000e+06
3.526100000000000279e+01 2.268940000000000000e+06
3.606430000000000291e+01 2.269470000000000000e+06
3.686749999999999972e+01 2.269410000000000000e+06
3.767069999999999652e+01 2.269200000000000000e+06
3.847390000000000043e+01 2.270100000000000000e+06
3.927709999999999724e+01 2.271070000000000000e+06
4.008030000000000115e+01 2.269830000000000000e+06
4.088349999999999795e+01 2.268670000000000000e+06
4.168670000000000186e+01 2.268060000000000000e+06
4.249000000000000199e+01 2.271030000000000000e+06
4.329319999999999879e+01 2.268800000000000000e+06
4.409640000000000271e+01 2.267930000000000000e+06
4.489959999999999951e+01 2.267800000000000000e+06
4.570280000000000342e+01 2.269090000000000000e+06
4.650600000000000023e+01 2.269190000000000000e+06
4.730919999999999703e+01 2.269740000000000000e+06
4.811240000000000094e+01 2.270870000000000000e+06
4.891570000000000107e+01 2.269740000000000000e+06
4.971889999999999787e+01 2.268880000000000000e+06
5.052210000000000178e+01 2.269470000000000000e+06
5.132529999999999859e+01 2.269450000000000000e+06
5.212850000000000250e+01 2.268680000000000000e+06
5.293169999999999931e+01 2.268880000000000000e+06
5.373490000000000322e+01 2.268290000000000000e+06
5.453820000000000334e+01 2.270510000000000000e+06
5.534140000000000015e+01 2.269540000000000000e+06
5.614459999999999695e+01 2.269190000000000000e+06
5.694780000000000086e+01 2.269280000000000000e+06
5.775099999999999767e+01 2.268550000000000000e+06
5.855420000000000158e+01 2.269740000000000000e+06
5.935739999999999839e+01 2.269730000000000000e+06
6.016060000000000230e+01 2.268520000000000000e+06
6.096390000000000242e+01 2.268730000000000000e+06
6.176709999999999923e+01 2.268690000000000000e+06
6.257030000000000314e+01 2.269610000000000000e+06
6.337349999999999994e+01 2.269240000000000000e+06
6.417669999999999675e+01 2.269280000000000000e+06
6.497990000000000066e+01 2.267850000000000000e+06
6.578310000000000457e+01 2.268900000000000000e+06
6.658629999999999427e+01 2.267450000000000000e+06
6.738960000000000150e+01 2.268190000000000000e+06
6.819280000000000541e+01 2.268660000000000000e+06
6.899599999999999511e+01 2.267420000000000000e+06
6.979919999999999902e+01 2.268710000000000000e+06
7.060240000000000293e+01 2.267700000000000000e+06
7.140560000000000684e+01 2.268080000000000000e+06
7.220879999999999654e+01 2.267290000000000000e+06
7.301200000000000045e+01 2.269170000000000000e+06
7.381529999999999347e+01 2.270140000000000000e+06
7.461849999999999739e+01 2.268870000000000000e+06
7.542170000000000130e+01 2.266400000000000000e+06
7.622490000000000521e+01 2.267960000000000000e+06
7.702809999999999491e+01 2.267720000000000000e+06
7.783129999999999882e+01 2.268480000000000000e+06
7.863450000000000273e+01 2.267890000000000000e+06
7.943779999999999575e+01 2.266640000000000000e+06
8.024099999999999966e+01 2.269210000000000000e+06
8.104420000000000357e+01 2.267960000000000000e+06
8.184739999999999327e+01 2.270140000000000000e+06
8.265059999999999718e+01 2.267050000000000000e+06
8.345380000000000109e+01 2.268170000000000000e+06
8.425700000000000500e+01 2.267620000000000000e+06
8.506019999999999470e+01 2.268250000000000000e+06
8.586350000000000193e+01 2.268160000000000000e+06
8.666670000000000584e+01 2.267800000000000000e+06
8.746989999999999554e+01 2.267980000000000000e+06
8.827309999999999945e+01 2.268340000000000000e+06
8.907630000000000337e+01 2.266380000000000000e+06
8.987949999999999307e+01 2.268280000000000000e+06
9.068269999999999698e+01 2.267950000000000000e+06
9.148590000000000089e+01 2.267430000000000000e+06
9.228919999999999391e+01 2.269270000000000000e+06
9.309239999999999782e+01 2.268830000000000000e+06
9.389560000000000173e+01 2.267760000000000000e+06
9.469880000000000564e+01 2.266550000000000000e+06
9.550199999999999534e+01 2.267180000000000000e+06
9.630519999999999925e+01 2.266300000000000000e+06
9.710840000000000316e+01 2.267640000000000000e+06
9.791160000000000707e+01 2.268060000000000000e+06
9.871490000000000009e+01 2.267890000000000000e+06
9.951810000000000400e+01 2.267990000000000000e+06
1.003209999999999980e+02 2.268470000000000000e+06
1.011239999999999952e+02 2.269330000000000000e+06
1.019279999999999973e+02 2.268340000000000000e+06
1.027309999999999945e+02 2.267600000000000000e+06
1.035340000000000060e+02 2.267040000000000000e+06
1.043370000000000033e+02 2.267110000000000000e+06
1.051410000000000053e+02 2.267710000000000000e+06
1.059440000000000026e+02 2.267750000000000000e+06
1.067469999999999999e+02 2.268480000000000000e+06
1.075499999999999972e+02 2.269500000000000000e+06
1.083529999999999944e+02 2.267980000000000000e+06
1.091569999999999965e+02 2.268700000000000000e+06
1.099599999999999937e+02 2.268520000000000000e+06
1.107630000000000052e+02 2.267110000000000000e+06
1.115660000000000025e+02 2.266150000000000000e+06
1.123689999999999998e+02 2.267310000000000000e+06
1.131730000000000018e+02 2.268200000000000000e+06
1.139759999999999991e+02 2.268310000000000000e+06
1.147789999999999964e+02 2.267020000000000000e+06
1.155819999999999936e+02 2.268030000000000000e+06
1.163859999999999957e+02 2.267680000000000000e+06
1.171889999999999930e+02 2.268330000000000000e+06
1.179920000000000044e+02 2.267880000000000000e+06
1.187950000000000017e+02 2.266830000000000000e+06
1.195979999999999990e+02 2.267640000000000000e+06
1.204020000000000010e+02 2.265360000000000000e+06
1.212049999999999983e+02 2.267220000000000000e+06
1.220079999999999956e+02 2.267390000000000000e+06
1.228110000000000070e+02 2.268260000000000000e+06
1.236140000000000043e+02 2.265940000000000000e+06
1.244180000000000064e+02 2.268390000000000000e+06
1.252210000000000036e+02 2.267500000000000000e+06
1.260240000000000009e+02 2.267960000000000000e+06
1.268269999999999982e+02 2.268930000000000000e+06
1.276310000000000002e+02 2.267140000000000000e+06
1.284339999999999975e+02 2.267740000000000000e+06
1.292369999999999948e+02 2.268460000000000000e+06
1.300399999999999920e+02 2.267560000000000000e+06
1.308429999999999893e+02 2.267010000000000000e+06
1.316469999999999914e+02 2.267870000000000000e+06
1.324499999999999886e+02 2.265900000000000000e+06
1.332529999999999859e+02 2.267530000000000000e+06
1.340560000000000116e+02 2.267530000000000000e+06
1.348590000000000089e+02 2.268300000000000000e+06
1.356630000000000109e+02 2.267250000000000000e+06
1.364660000000000082e+02 2.267760000000000000e+06
1.372690000000000055e+02 2.268740000000000000e+06
1.380720000000000027e+02 2.267800000000000000e+06
1.388760000000000048e+02 2.266850000000000000e+06
1.396790000000000020e+02 2.267200000000000000e+06
1.404819999999999993e+02 2.266280000000000000e+06
1.412849999999999966e+02 2.268960000000000000e+06
1.420879999999999939e+02 2.266600000000000000e+06
1.428919999999999959e+02 2.266800000000000000e+06
1.436949999999999932e+02 2.267070000000000000e+06
1.444979999999999905e+02 2.267360000000000000e+06
1.453009999999999877e+02 2.268200000000000000e+06
1.461040000000000134e+02 2.266460000000000000e+06
1.469079999999999870e+02 2.268030000000000000e+06
1.477110000000000127e+02 2.266460000000000000e+06
1.485140000000000100e+02 2.267660000000000000e+06
1.493170000000000073e+02 2.267490000000000000e+06
1.501200000000000045e+02 2.266860000000000000e+06
1.509240000000000066e+02 2.268350000000000000e+06
1.517270000000000039e+02 2.267770000000000000e+06
1.525300000000000011e+02 2.267330000000000000e+06
1.533329999999999984e+02 2.267890000000000000e+06
1.541370000000000005e+02 2.267940000000000000e+06
1.549399999999999977e+02 2.267070000000000000e+06
1.557429999999999950e+02 2.267410000000000000e+06
1.565459999999999923e+02 2.268400000000000000e+06
1.573489999999999895e+02 2.267170000000000000e+06
1.581529999999999916e+02 2.267590000000000000e+06
1.589559999999999889e+02 2.268030000000000000e+06
1.597589999999999861e+02 2.267780000000000000e+06
1.605620000000000118e+02 2.267760000000000000e+06
1.613650000000000091e+02 2.266400000000000000e+06
1.621690000000000111e+02 2.266770000000000000e+06
1.629720000000000084e+02 2.266610000000000000e+06
1.637750000000000057e+02 2.270310000000000000e+06
1.645780000000000030e+02 2.267030000000000000e+06
1.653820000000000050e+02 2.266720000000000000e+06
1.661850000000000023e+02 2.267610000000000000e+06
1.669879999999999995e+02 2.267660000000000000e+06
1.677909999999999968e+02 2.266240000000000000e+06
1.685939999999999941e+02 2.267150000000000000e+06
1.693979999999999961e+02 2.266700000000000000e+06
1.702009999999999934e+02 2.267070000000000000e+06
1.710039999999999907e+02 2.267290000000000000e+06
1.718069999999999879e+02 2.267300000000000000e+06
1.726100000000000136e+02 2.267200000000000000e+06
1.734139999999999873e+02 2.266800000000000000e+06
1.742170000000000130e+02 2.266600000000000000e+06
1.750200000000000102e+02 2.266480000000000000e+06
1.758230000000000075e+02 2.267740000000000000e+06
1.766270000000000095e+02 2.266850000000000000e+06
1.774300000000000068e+02 2.266550000000000000e+06
1.782330000000000041e+02 2.267350000000000000e+06
1.790360000000000014e+02 2.268310000000000000e+06
1.798389999999999986e+02 2.269020000000000000e+06
1.806430000000000007e+02 2.267690000000000000e+06
1.814459999999999980e+02 2.267300000000000000e+06
1.822489999999999952e+02 2.267930000000000000e+06
1.830519999999999925e+02 2.268190000000000000e+06
1.838549999999999898e+02 2.265460000000000000e+06
1.846589999999999918e+02 2.266360000000000000e+06
1.854619999999999891e+02 2.267180000000000000e+06
1.862649999999999864e+02 2.268140000000000000e+06
1.870680000000000121e+02 2.267040000000000000e+06
1.878710000000000093e+02 2.267610000000000000e+06
1.886750000000000114e+02 2.266580000000000000e+06
1.894780000000000086e+02 2.267850000000000000e+06
1.902810000000000059e+02 2.267100000000000000e+06
1.910840000000000032e+02 2.266940000000000000e+06
1.918880000000000052e+02 2.265990000000000000e+06
1.926910000000000025e+02 2.266410000000000000e+06
1.934939999999999998e+02 2.267460000000000000e+06
1.942969999999999970e+02 2.267870000000000000e+06
1.950999999999999943e+02 2.268260000000000000e+06
1.959039999999999964e+02 2.267680000000000000e+06
1.967069999999999936e+02 2.268090000000000000e+06
1.975099999999999909e+02 2.268040000000000000e+06
1.983129999999999882e+02 2.265980000000000000e+06
1.991160000000000139e+02 2.266910000000000000e+06
1.999199999999999875e+02 2.266280000000000000e+06
2.007230000000000132e+02 2.267610000000000000e+06
2.015260000000000105e+02 2.266980000000000000e+06
2.023290000000000077e+02 2.267180000000000000e+06
2.031330000000000098e+02 2.267720000000000000e+06
2.039360000000000070e+02 2.268670000000000000e+06
2.047390000000000043e+02 2.269500000000000000e+06
2.055420000000000016e+02 2.266300000000000000e+06
2.063449999999999989e+02 2.268150000000000000e+06
2.071490000000000009e+02 2.267650000000000000e+06
2.079519999999999982e+02 2.267840000000000000e+06
2.087549999999999955e+02 2.267200000000000000e+06
2.095579999999999927e+02 2.266890000000000000e+06
2.103609999999999900e+02 2.268070000000000000e+06
2.111649999999999920e+02 2.266840000000000000e+06
2.119679999999999893e+02 2.267850000000000000e+06
2.127709999999999866e+02 2.267060000000000000e+06
2.135740000000000123e+02 2.269020000000000000e+06
2.143779999999999859e+02 2.265430000000000000e+06
2.151810000000000116e+02 2.267080000000000000e+06
2.159840000000000089e+02 2.266920000000000000e+06
2.167870000000000061e+02 2.266270000000000000e+06
2.175900000000000034e+02 2.266900000000000000e+06
2.183940000000000055e+02 2.266740000000000000e+06
2.191970000000000027e+02 2.267540000000000000e+06
2.200000000000000000e+02 2.266250000000000000e+06
