2.130000000000000000e+03 9.992705146453261245e-01
2.130099999999999909e+03 9.996738606566876184e-01
2.130199999999999818e+03 9.996832733709734020e-01
2.130300000000000182e+03 9.998118017429823423e-01
2.130400000000000091e+03 9.997395255443600748e-01
2.130500000000000000e+03 9.998120258553272466e-01
2.130599999999999909e+03 9.997845721053730816e-01
2.130699999999999818e+03 9.998290023577960373e-01
2.130800000000000182e+03 9.997518517177655939e-01
2.130900000000000091e+03 9.997052363709866274e-01
2.131000000000000000e+03 9.997321298402527256e-01
2.131099999999999909e+03 9.997599197584750019e-01
2.131199999999999818e+03 9.998252484776147808e-01
2.131300000000000182e+03 9.996702188326845873e-01
2.131400000000000091e+03 9.997889422941468318e-01
2.131500000000000000e+03 9.995550811673917790e-01
2.131599999999999909e+03 9.996933584220659696e-01
2.131699999999999818e+03 9.997508992406518580e-01
2.131800000000000182e+03 9.996704989731953761e-01
2.131900000000000091e+03 9.998364540899379316e-01
2.132000000000000000e+03 9.997077576337830562e-01
2.132099999999999909e+03 9.996363218558580455e-01
2.132199999999999818e+03 9.997731423809035345e-01
2.132300000000000182e+03 9.996914534679046671e-01
2.132400000000000091e+03 9.997020987995761665e-01
2.132500000000000000e+03 9.997738707457951568e-01
2.132599999999999909e+03 9.997698927534143243e-01
2.132699999999999818e+03 9.997416546106410173e-01
2.132800000000000182e+03 9.996932463658166901e-01
2.132900000000000091e+03 9.996354254068214873e-01
2.133000000000000000e+03 9.996899407103133628e-01
2.133099999999999909e+03 9.996036014682396775e-01
2.133199999999999818e+03 9.996968321617948350e-01
2.133300000000000182e+03 9.996731322920012763e-01
2.133400000000000091e+03 9.997631693860304924e-01
2.133500000000000000e+03 9.997472574167333148e-01
2.133599999999999909e+03 9.996826570623713604e-01
2.133699999999999818e+03 9.997087661387443758e-01
2.133800000000000182e+03 9.996431572794067799e-01
2.133900000000000091e+03 9.996056184785132581e-01
2.134000000000000000e+03 9.996637195777333673e-01
2.134099999999999909e+03 9.996175524554258285e-01
2.134199999999999818e+03 9.996422608303922042e-01
2.134300000000000182e+03 9.995390571419565662e-01
2.134400000000000091e+03 9.996304389094867737e-01
2.134500000000000000e+03 9.996262368049477764e-01
2.134599999999999909e+03 9.996186169886701611e-01
2.134699999999999818e+03 9.995968220729088971e-01
2.134800000000000182e+03 9.997060207637593621e-01
2.134900000000000091e+03 9.996512813481469584e-01
2.135000000000000000e+03 9.996827691185686815e-01
2.135099999999999909e+03 9.995086339047346558e-01
2.135199999999999818e+03 9.995703768279975421e-01
2.135300000000000182e+03 9.997027711361775593e-01
2.135400000000000091e+03 9.995988951111532961e-01
2.135500000000000000e+03 9.996650082231132162e-01
2.135599999999999909e+03 9.996617585955459573e-01
2.135699999999999818e+03 9.995880816953427450e-01
2.135800000000000182e+03 9.996497125624284052e-01
2.135900000000000091e+03 9.995289720908621112e-01
2.136000000000000000e+03 9.995584428510959629e-01
2.136099999999999909e+03 9.994922737109515065e-01
2.136199999999999818e+03 9.995523357924428476e-01
2.136300000000000182e+03 9.995627009836934862e-01
2.136400000000000091e+03 9.994274492442984936e-01
2.136500000000000000e+03 9.995290281189834758e-01
2.136599999999999909e+03 9.995151891879910933e-01
2.136699999999999818e+03 9.995458365373118825e-01
2.136800000000000182e+03 9.995951412310406514e-01
2.136900000000000091e+03 9.995655584147759010e-01
2.137000000000000000e+03 9.996519536848732512e-01
2.137099999999999909e+03 9.996459586824354426e-01
2.137199999999999818e+03 9.994912091778297425e-01
2.137300000000000182e+03 9.995539045781418608e-01
2.137400000000000091e+03 9.995748030448690091e-01
2.137500000000000000e+03 9.995785569249819869e-01
2.137599999999999909e+03 9.995418585449863391e-01
2.137699999999999818e+03 9.994757454329913360e-01
2.137800000000000182e+03 9.994946829175782588e-01
2.137900000000000091e+03 9.994546788819151928e-01
2.138000000000000000e+03 9.994798354815119801e-01
2.138099999999999909e+03 9.993993791857178621e-01
2.138199999999999818e+03 9.993516432777613812e-01
2.138300000000000182e+03 9.993251980329717066e-01
2.138400000000000091e+03 9.993573021119002142e-01
2.138500000000000000e+03 9.991626606279395695e-01
2.138599999999999909e+03 9.991692719391243038e-01
2.138699999999999818e+03 9.991039992479826548e-01
2.138800000000000182e+03 9.988937259348337205e-01
2.138900000000000091e+03 9.988259319811342296e-01
2.139000000000000000e+03 9.986943220656858688e-01
2.139099999999999909e+03 9.985806411298708829e-01
2.139199999999999818e+03 9.985216435815825742e-01
2.139300000000000182e+03 9.983270581256225018e-01
2.139400000000000091e+03 9.981478803864581861e-01
2.139500000000000000e+03 9.980003024736073813e-01
2.139599999999999909e+03 9.980575071238128038e-01
2.139699999999999818e+03 9.980293250092664437e-01
2.139800000000000182e+03 9.981572931006199578e-01
2.139900000000000091e+03 9.982258154192427124e-01
2.140000000000000000e+03 9.984731793087877616e-01
2.140099999999999909e+03 9.986266961960325039e-01
2.140199999999999818e+03 9.987223921242233127e-01
2.140300000000000182e+03 9.988082271137566082e-01
2.140400000000000091e+03 9.988935578507679436e-01
2.140500000000000000e+03 9.989058279960166820e-01
2.140599999999999909e+03 9.988952386925324944e-01
2.140699999999999818e+03 9.988941741594219437e-01
2.140800000000000182e+03 9.989188825343249256e-01
2.140900000000000091e+03 9.987471004991670398e-01
2.141000000000000000e+03 9.987173495987919924e-01
2.141099999999999909e+03 9.987005411805131017e-01
2.141199999999999818e+03 9.985479767702339915e-01
2.141300000000000182e+03 9.983977655385847250e-01
2.141400000000000091e+03 9.982116963479040761e-01
2.141500000000000000e+03 9.981560604833146222e-01
2.141599999999999909e+03 9.979543034355515818e-01
2.141699999999999818e+03 9.979527346498250351e-01
2.141800000000000182e+03 9.980073620092896336e-01
2.141900000000000091e+03 9.981253571058640306e-01
2.142000000000000000e+03 9.981980815291324749e-01
2.142099999999999909e+03 9.985087010994980750e-01
2.142199999999999818e+03 9.985129592320920455e-01
2.142300000000000182e+03 9.986474265785439952e-01
2.142400000000000091e+03 9.988011115500423642e-01
2.142500000000000000e+03 9.987839669633178374e-01
2.142599999999999909e+03 9.988187043611735927e-01
2.142699999999999818e+03 9.989259420700252745e-01
2.142800000000000182e+03 9.988344482463835661e-01
2.142900000000000091e+03 9.988461020830605719e-01
2.143000000000000000e+03 9.987790925219806049e-01
2.143099999999999909e+03 9.992301744412646070e-01
2.143199999999999818e+03 9.986549903668479056e-01
2.143300000000000182e+03 9.985373874667468064e-01
2.143400000000000091e+03 9.984275164389804225e-01
2.143500000000000000e+03 9.981883886744927770e-01
2.143599999999999909e+03 9.980131889276315782e-01
2.143699999999999818e+03 9.979313879584681413e-01
2.143800000000000182e+03 9.978701492878060408e-01
2.143900000000000091e+03 9.977970326682404911e-01
2.144000000000000000e+03 9.979788437261529754e-01
2.144099999999999909e+03 9.980674801187859879e-01
2.144199999999999818e+03 9.983501416866616962e-01
2.144300000000000182e+03 9.983964768932400702e-01
2.144400000000000091e+03 9.986739278514491502e-01
2.144500000000000000e+03 9.988242511392860790e-01
2.144599999999999909e+03 9.988654317641155744e-01
2.144699999999999818e+03 9.990338521155560647e-01
2.144800000000000182e+03 9.990831568092350956e-01
2.144900000000000091e+03 9.990854539597541217e-01
2.145000000000000000e+03 9.991423784698051369e-01
2.145099999999999909e+03 9.991575060462660751e-01
2.145199999999999818e+03 9.991774520359764100e-01
2.145300000000000182e+03 9.992149348088228411e-01
2.145400000000000091e+03 9.992946067115003883e-01
2.145500000000000000e+03 9.992946627396552817e-01
2.145599999999999909e+03 9.993035712013517147e-01
2.145699999999999818e+03 9.994059344688267510e-01
2.145800000000000182e+03 9.994451541116493587e-01
2.145900000000000091e+03 9.995172622261937478e-01
2.146000000000000000e+03 9.994642036523411210e-01
2.146099999999999909e+03 9.994064947495561180e-01
2.146199999999999818e+03 9.994589930426518443e-01
2.146300000000000182e+03 9.994218464382415013e-01
2.146400000000000091e+03 9.993765197368230657e-01
2.146500000000000000e+03 9.993464886961070937e-01
2.146599999999999909e+03 9.993651460404739950e-01
2.146699999999999818e+03 9.992217142041813771e-01
2.146800000000000182e+03 9.992678252985131016e-01
2.146900000000000091e+03 9.991368877198317788e-01
2.147000000000000000e+03 9.993574701962358864e-01
2.147099999999999909e+03 9.994152911551132945e-01
2.147199999999999818e+03 9.994067748898382009e-01
2.147300000000000182e+03 9.993911990887753838e-01
2.147400000000000091e+03 9.994210620453986005e-01
2.147500000000000000e+03 9.995620286469583116e-01
2.147599999999999909e+03 9.994657724381059705e-01
2.147699999999999818e+03 9.995825349172725582e-01
2.147800000000000182e+03 9.995074573154539843e-01
2.147900000000000091e+03 9.995364238230418641e-01
2.148000000000000000e+03 9.995183827874927207e-01
2.148099999999999909e+03 9.996502168150914747e-01
2.148199999999999818e+03 9.996176645115338877e-01
2.148300000000000182e+03 9.995848320676703480e-01
2.148400000000000091e+03 9.996464629349690600e-01
2.148500000000000000e+03 9.996709471976364947e-01
2.148599999999999909e+03 9.997084859984901595e-01
2.148699999999999818e+03 9.997209802561136671e-01
2.148800000000000182e+03 9.996788471542016330e-01
2.148900000000000091e+03 9.995807980472953824e-01
2.149000000000000000e+03 9.995971022131983075e-01
2.149099999999999909e+03 9.996611422868204588e-01
2.149199999999999818e+03 9.995860646850815989e-01
2.149300000000000182e+03 9.996482558328517731e-01
2.149400000000000091e+03 9.997140327764933998e-01
2.149500000000000000e+03 9.996464629348670305e-01
2.149599999999999909e+03 9.996445579808104220e-01
2.149699999999999818e+03 9.996146389962559109e-01
2.149800000000000182e+03 9.997108952051135811e-01
2.149900000000000091e+03 9.996855144934270188e-01
2.150000000000000000e+03 9.996386190063634158e-01
2.150099999999999909e+03 9.997102788964734588e-01
2.150199999999999818e+03 9.996236595141254622e-01
2.150300000000000182e+03 9.996469111593749846e-01
2.150400000000000091e+03 9.997042278658353487e-01
2.150500000000000000e+03 9.997572304115972530e-01
2.150599999999999909e+03 9.996585089681089276e-01
2.150699999999999818e+03 9.997189632458813868e-01
2.150800000000000182e+03 9.997563339626728274e-01
2.150900000000000091e+03 9.997462489115733764e-01
2.151000000000000000e+03 9.997763920084341560e-01
2.151099999999999909e+03 9.997173944603054974e-01
2.151199999999999818e+03 9.997956656615103466e-01
2.151300000000000182e+03 9.997788572431027809e-01
2.151400000000000091e+03 9.997658027048617058e-01
2.151500000000000000e+03 9.998173485209985722e-01
2.151599999999999909e+03 9.996831613148186024e-01
2.151699999999999818e+03 9.997949372966585813e-01
2.151800000000000182e+03 9.997975145874992142e-01
2.151900000000000091e+03 9.998018847761966921e-01
2.152000000000000000e+03 9.998918658423059380e-01
2.152099999999999909e+03 9.998078237506621280e-01
2.152199999999999818e+03 9.997448482100425027e-01
2.152300000000000182e+03 9.997513474650934207e-01
2.152400000000000091e+03 9.996967201057366248e-01
2.152500000000000000e+03 9.996630472410029666e-01
2.152599999999999909e+03 9.997289362406861501e-01
2.152699999999999818e+03 9.997766161207437552e-01
2.152800000000000182e+03 9.998025571129950384e-01
2.152900000000000091e+03 9.997214845086903612e-01
2.153000000000000000e+03 9.996900527663828973e-01
2.153099999999999909e+03 9.997819387864759211e-01
2.153199999999999818e+03 9.997213724524940393e-01
2.153300000000000182e+03 9.998019408042506662e-01
2.153400000000000091e+03 9.997855245822907522e-01
2.153500000000000000e+03 9.998347732480500349e-01
2.153599999999999909e+03 9.997443999855447627e-01
2.153699999999999818e+03 9.997980188399716583e-01
2.153800000000000182e+03 9.999056487452578912e-01
2.153900000000000091e+03 9.998696787301171174e-01
2.154000000000000000e+03 9.999086742605585165e-01
2.154099999999999909e+03 9.997840678528753244e-01
2.154199999999999818e+03 9.998105130975398769e-01
2.154300000000000182e+03 9.999534406813389564e-01
2.154400000000000091e+03 9.998681659724374393e-01
2.154500000000000000e+03 9.998135386128282898e-01
2.154599999999999909e+03 9.998724801331477785e-01
2.154699999999999818e+03 9.997738147176923329e-01
2.154800000000000182e+03 9.997446801258841331e-01
2.154900000000000091e+03 9.998141549215221469e-01
2.155000000000000000e+03 9.997760558400357045e-01
2.155099999999999909e+03 9.998023890288442184e-01
2.155199999999999818e+03 9.998178527735730459e-01
2.155300000000000182e+03 9.998042379547315006e-01
2.155400000000000091e+03 9.998253605338101035e-01
2.155500000000000000e+03 9.998572405004942931e-01
2.155599999999999909e+03 9.998063109929373748e-01
2.155699999999999818e+03 9.998369583424454587e-01
2.155800000000000182e+03 9.998129783322726727e-01
2.155900000000000091e+03 9.997888862660415654e-01
2.156000000000000000e+03 9.998869914009637094e-01
2.156099999999999909e+03 9.997789692992404831e-01
2.156199999999999818e+03 9.998479398423799624e-01
2.156300000000000182e+03 9.998472675056238046e-01
2.156400000000000091e+03 9.998841339697887021e-01
2.156500000000000000e+03 9.998600979316585313e-01
2.156599999999999909e+03 9.998342129673843948e-01
2.156699999999999818e+03 9.998900729442331548e-01
2.156800000000000182e+03 9.998132024446350075e-01
2.156900000000000091e+03 9.997648502278815297e-01
2.157000000000000000e+03 9.998166201563060129e-01
2.157099999999999909e+03 9.998193655313030170e-01
2.157199999999999818e+03 9.998402079700297040e-01
2.157300000000000182e+03 9.998338207710010250e-01
2.157400000000000091e+03 9.998420568958804600e-01
2.157500000000000000e+03 9.998422249802146888e-01
2.157599999999999909e+03 9.998534305923832965e-01
2.157699999999999818e+03 9.998978608448685357e-01
2.157800000000000182e+03 1.000000000000000000e+00
2.157900000000000091e+03 9.998303470312159824e-01
2.158000000000000000e+03 9.999235777247688084e-01
2.158099999999999909e+03 9.998699028423169155e-01
2.158199999999999818e+03 9.999109153829434105e-01
2.158300000000000182e+03 9.999112515513381982e-01
2.158400000000000091e+03 9.998423370363380691e-01
2.158500000000000000e+03 9.999023991176968496e-01
2.158599999999999909e+03 9.997702289217610394e-01
2.158699999999999818e+03 9.998544390973864715e-01
2.158800000000000182e+03 9.998001479063892694e-01
2.158900000000000091e+03 9.998872155131256489e-01
2.159000000000000000e+03 9.998500128805788423e-01
2.159099999999999909e+03 9.998570163883040429e-01
2.159199999999999818e+03 9.997895586027804038e-01
2.159300000000000182e+03 9.997104469806257221e-01
2.159400000000000091e+03 9.998575766689582478e-01
2.159500000000000000e+03 9.998405441383142467e-01
2.159599999999999909e+03 9.997967862225977109e-01
2.159699999999999818e+03 9.998952275259479494e-01
2.159800000000000182e+03 9.999750114848046101e-01
2.159900000000000091e+03 9.998364540897574093e-01
2.160000000000000000e+03 9.998639078399046420e-01
